132
222
941
375
729
224
650
296
409
16
411
985
451
69
896
965
758
758
10
134
334
84
393
683
613
700
240
373
830
487
842
876
612
440
398
698
889
914
694
196
708
795
358
601
849
993
703
784
404
736
339
314
632
989
475
289
410
761
908
44
819
949
96
360
714
615
176
724
215
351
991
297
780
304
970
348
927
846
308
66
634
504
718
727
843
778
51
746
878
987
490
528
313
365
685
636
88
654
294
656
151
706
760
419
22
379
251
343
598
878
794
461
754
75
199
608
913
17
703
322
439
267
479
479
275
755
381
20
388
754
460
467
260
689
551
39
126
703
134
686
948
407
374
871
393
700
835
921
630
156
761
494
344
943
824
867
190
243
958
949
48
790
694
793
963
262
478
575
601
352
638
28
301
531
212
483
532
120
509
656
983
113
414
897
461
675
192
753
957
401
138
721
658
422
361
189
47
487
890
881
201
626
639
430
524
87
720
333
13
858
793
687
743
762
90
207
346
865
124
692
709
904
454
398
844
847
711
420
541
414
854
904
524
106
734
696
574
807
317
394
730
191
172
459
563
108
336
756
331
984
63
281
58
902
126
711
564
92
951
162
192
864
904
664
508
348
374
773
198
655
537
660
62
922
920
359
815
595
518
908
844
913
684
860
671
285
142
720
964
258
514
794
717
89
362
645
271
635
491
914
305
427
590
585
212
311
76
136
126
219
542
931
449
442
290
592
336
619
953
653
426
764
870
201
895
725
577
852
383
539
985
787
250
935
113
676
282
627
873
138
124
840
37
37
230
119
954
650
946
730
893
675
697
486
70
10
843
744
737
871
426
537
829
235
958
639
781
401
347
89
333
408
119
350
390
695
79
963
394
534
913
495
92
188
852
901
582
139
484
470
942
828
802
968
202
215
216
918
568
836
626
197
386
551
632
337
775
92
272
954
829
495
24
102
122
182
241
764
634
293
439
114
803
62
125
812
188
915
253
850
348
969
549
748
135
43
45
253
962
240
285
81
376
338
508
451
789
940
419
96
23
855
279
322
357
513
750
810
616
938
857
917
558
228
15
825
477
479
218
429
364
639
450
107
269
731
760
218
47
370
198
868
80
179
921
472
800
241
936
749
937
953
591
173
258
538
796
241
818
104
626
303
993
453
484
660
378
541
761
39
373
660
557
476
922
278
369
218
944
834
329
634
715
828
203
92
187
838
599
951
313
90
186
373
333
318
853
225
306
445
858
726
499
238
854
973
800
275
426
850
680
601
836
836
154
638
258
471
823
780
46
808
782
280
941
836
611
423
850
269
914
631
352
66
525
653
652
490
325
888
352
365
334
168
124
423
67
628
704
778
536
240
588
807
54
743
328
896
816
627
911
517
597
54
686
713
711
531
147
312
856
918
9
768
260
405
151
472
513
114
976
433
162
6
173
504
492
899
414
749
152
94
345
412
815
735
441
781
868
94
807
250
450
892
182
901
982
339
80
795
952
507
798
248
395
986
93
280
492
695
660
543
311
964
362
671
604
733
580
116
193
225
124
853
881
756
701
337
338
326
179
762
180
692
280
851
214
889
912
938
218
192
598
714
832
593
999
729
873
446
964
856
714
96
414
788
680
259
434
975
394
882
980
196
778
649
591
214
326
69
130
931
659
178
255
706
857
777
453
278
921
411
245
206
106
167
785
835
828
636
128
165
84
340
247
346
637
245
297
460
888
908
319
30
162
80
515
899
332
305
62
51
616
795
546
562
71
979
449
871
183
308
28
238
610
462
968
242
2
925
82
595
512
945
531
975
51
39
799
736
782
731
192
635
978
728
767
712
19
206
314
811
151
663
793
637
920
830
99
719
643
452
549
45
977
600
602
867
371
555
975
655
586
781
813
834
180
735
25
172
323
326
864
83
847
32
676
96
604
479
36
446
198
423
887
719
993
6
825
181
357
535
718
914
598
138
507
933
193
204
660
242
635
894
152
820
148
148
872
585
440
13
839
946
582
610
956
806
954
717
938
938
37
456
88
175
900
342
884
280
910
346
491
310
358
26
356
521
73
455
370
21
545
492
480
80
272
241
182
508
457
835
82
733
559
441
386
328
273
893
542
237
909
318
291
227
841
790
345
199
442
12
918
745
411
809
195
987
663
55
700
638
105
410
533
922
296
455
464
890
969
700
196
994
348
251
983
879
425
502
987
641
771
720
303
991
482
358
212
671
351
241
304
144
480
912
160
190
139
190
189
369
599
85
585
907
902
262
43
764
207
695
391
636
313
151
233
660
625
497
