985
519
571
153
712
103
780
377
833
550
730
247
256
175
221
264
129
531
62
111
193
344
643
539
261
930
762
212
791
249
330
832
774
959
382
780
973
980
963
449
660
8
616
565
842
428
29
27
413
373
507
424
424
574
875
875
706
761
443
832
871
865
764
352
184
815
751
153
310
184
461
830
588
271
846
139
122
860
921
991
230
608
994
837
373
356
209
161
422
5
199
900
608
910
836
972
874
827
772
884
320
237
520
651
494
134
16
323
644
899
310
0
449
617
678
322
500
453
713
665
814
68
561
61
627
660
439
455
416
893
904
792
902
328
302
564
308
122
938
97
787
212
712
458
298
587
507
155
466
103
503
840
828
322
461
358
719
991
904
502
989
812
47
393
661
773
996
989
283
782
633
147
987
885
842
945
918
530
61
811
891
164
270
113
758
562
847
597
333
530
141
667
543
497
790
893
440
80
646
210
304
471
784
539
33
953
361
722
63
587
609
38
362
322
171
215
814
160
548
563
596
139
328
675
737
410
895
502
892
733
943
439
365
376
355
957
961
867
514
943
378
553
298
410
963
27
514
80
378
649
391
959
894
4
366
3
463
763
433
673
68
759
581
193
456
421
543
830
838
208
6
78
580
345
804
401
148
196
807
456
612
56
36
243
383
178
939
446
445
575
325
897
749
132
618
467
899
371
311
10
925
621
844
610
911
390
116
360
974
425
621
385
346
689
896
188
188
730
570
200
303
570
897
123
91
359
59
521
452
981
79
997
665
108
991
535
753
140
477
298
920
238
914
576
430
601
61
53
641
870
649
741
217
512
248
203
473
387
795
39
861
112
643
122
95
90
338
441
204
328
707
164
811
447
584
226
422
852
306
707
89
867
962
457
535
678
862
436
795
814
760
969
532
199
488
870
690
283
562
197
174
637
258
458
814
376
140
26
869
284
344
482
520
821
810
785
797
936
808
259
791
514
796
203
948
838
201
157
447
523
283
293
441
656
15
103
707
13
361
572
846
455
101
213
331
632
669
96
943
849
760
972
134
596
684
290
905
42
298
210
457
934
296
375
875
876
589
776
342
138
309
180
471
593
883
665
390
423
318
385
697
685
676
906
758
704
884
225
150
14
784
538
661
519
927
958
566
990
880
601
212
746
906
174
235
541
97
10
300
864
354
178
319
153
584
506
483
346
895
331
73
415
710
552
743
508
154
390
288
48
557
21
248
27
477
399
318
791
976
707
722
645
797
950
645
448
23
920
624
942
115
926
77
864
656
801
202
231
750
3
700
273
910
969
919
223
786
257
443
444
806
17
75
748
803
754
551
622
605
967
146
936
234
662
318
270
378
985
330
590
134
449
229
314
929
97
613
291
436
754
48
255
622
560
708
735
992
840
834
560
926
676
732
996
209
709
55
467
617
284
844
51
464
637
521
930
802
600
21
19
496
877
176
837
820
43
744
556
767
542
440
329
542
323
883
93
587
216
902
94
832
173
996
403
566
793
683
346
932
923
51
955
706
798
687
961
421
391
860
893
13
150
190
550
410
319
562
321
518
68
334
472
339
257
469
930
165
427
271
688
330
829
908
783
798
81
137
127
292
208
571
135
726
350
721
970
517
677
294
178
484
452
27
791
727
123
515
580
65
230
256
319
635
228
180
875
512
226
434
700
861
177
506
502
262
57
507
114
148
840
922
765
538
436
657
423
23
32
172
781
454
822
548
260
144
306
150
163
907
982
814
435
196
743
189
534
153
347
353
305
393
686
171
279
428
112
268
51
143
868
121
433
575
215
86
338
375
955
287
539
485
472
73
745
278
542
566
219
202
313
480
835
18
481
405
114
294
228
936
591
795
922
881
492
817
806
490
230
339
28
322
350
952
851
343
945
638
945
588
72
910
189
610
29
202
533
707
275
19
908
1
456
552
760
333
250
336
213
580
603
856
121
732
2
632
133
124
535
432
229
169
83
697
469
717
338
526
279
697
206
264
749
651
129
193
927
940
390
520
298
800
373
371
894
752
833
395
426
284
576
585
389
81
326
582
228
3
38
721
171
372
351
929
114
963
918
754
734
943
446
749
192
34
953
151
806
739
865
811
804
187
279
828
471
10
79
19
902
306
774
535
301
976
954
114
879
755
428
199
463
605
380
458
931
694
18
104
558
880
412
374
304
846
809
997
468
581
80
994
463
788
70
252
120
952
234
623
416
200
615
261
782
320
925
276
975
960
212
275
185
972
271
165
323
623
649
224
931
32
182
416
451
591
208
973
361
281
397
331
745
838
97
439
873
692
342
983
568
108
76
954
508
882
830
127
600
539
419
442
430
327
486
881
110
69
491
548
531
190
181
971
334
457
353
113
930
566
521
726
395
527
558
11
291
503
877
127
75
662
964
486
842
21
634
480
325
916
984
336
723
844
80
131
180
622
440
40
389
713
387
879
611
819
44
58
50
151
968
272
808
341
887
400
387
583
895
419
603
887
765
658
109
462
800
854
605
711
980
87
584
2
768
36
579
949
741
369
276
157
915
383
419
562
769
101
884
752
160
596
620
282
413
512
764
233
746
626
679
185
720
58
61
645
379
306
745
825
802
942
550
741
593
760
464
706
661
240
826
357
787
776
868
328
477
261
462
784
506
137
717
617
169
926
744
445
170
965
985
275
225
764
939
356
632
998
516
946
727
21
440
817
187
538
991
559
544
813
380
152
836
904
275
985
354
869
295
422
128
712
669
352
438
464
656
30
786
567
418
204
924
568
499
513
75
816
97
554
859
269
437
364
412
203
469
223
56
541
124
622
208
521
42
138
995
172
873
350
941
909
173
134
840
654
655
840
769
396
351
621
913
680
827
521
894
669
376
669
350
954
555
110
672
490
717
238
631
766
905
41
459
533
843
874
501
274
167
315
671
827
75
788
46
762
947
842
126
404
335
945
848
310
234
516
426
72
129
65
107
730
517
882
977
163
312
958
49
824
512
182
387
585
715
787
79
479
416
692
112
498
109
157
787
223
787
404
595
766
410
285
485
282
577
870
251
874
342
924
448
292
494
68
151
697
546
758
136
820
887
203
295
68
952
455
698
40
978
665
856
538
332
760
25
596
72
776
277
647
226
914
989
235
69
385
648
57
428
72
315
92
716
58
97
653
987
689
562
686
228
328
955
646
555
412
257
163
775
189
339
254
889
210
372
584
376
482
146
819
478
807
150
987
434
357
48
179
202
833
670
611
861
676
689
495
947
591
404
604
378
600
809
507
174
746
874
368
651
595
313
84
130
111
613
886
774
385
593
520
482
970
562
133
369
970
301
361
321
419
603
625
52
198
395
658
645
517
906
725
716
143
1
143
662
978
90
279
732
770
952
153
173
223
195
360
163
294
877
80
775
990
788
184
58
74
324
934
866
590
553
5
325
883
821
586
509
629
196
13
959
363
130
186
401
206
476
446
288
242
84
799
867
491
723
685
368
305
626
44
489
155
201
763
875
698
875
503
690
884
964
473
420
513
633
342
281
218
922
429
267
853
574
619
384
821
683
434
873
447
215
168
583
623
41
716
617
896
734
203
92
843
0
433
135
351
857
459
105
671
440
344
26
201
662
424
187
962
952
733
834
199
857
454
654
774
875
467
212
907
521
194
788
918
308
528
203
178
312
395
133
689
883
148
718
410
609
714
878
253
719
681
391
837
42
114
732
84
691
204
400
308
841
744
175
113
67
866
789
101
729
571
945
803
77
571
862
925
420
276
614
705
971
858
667
406
391
23
28
76
733
523
472
842
323
880
610
713
505
515
89
997
792
583
642
883
277
259
316
134
705
44
800
948
552
669
755
142
916
514
250
988
550
501
89
230
489
671
87
160
843
640
90
741
512
370
10
524
324
824
101
368
957
772
143
425
219
781
883
192
621
671
18
159
138
612
502
927
600
537
548
107
20
108
837
986
279
521
711
250
760
252
644
496
588
624
319
468
504
950
942
736
798
338
576
737
707
663
461
247
692
138
996
191
752
340
669
207
791
552
148
585
589
701
934
353
82
582
756
217
929
757
481
883
67
646
385
462
552
615
352
258
9
293
764
438
300
738
79
185
429
787
469
5
110
230
511
895
563
33
194
283
980
836
647
669
112
184
232
58
178
322
27
5
395
648
294
997
916
308
727
164
749
622
367
170
47
923
291
8
771
204
29
336
125
394
782
353
512
276
520
817
895
675
276
708
77
197
607
441
130
853
593
331
115
868
836
964
925
769
133
677
509
948
10
651
647
80
72
892
865
846
671
975
75
670
564
370
117
209
932
556
301
122
528
906
459
354
497
775
387
699
225
533
391
956
772
528
422
563
265
521
757
98
105
985
752
528
898
531
542
471
480
252
414
958
185
270
585
436
171
456
821
853
101
577
275
794
151
211
263
592
982
813
34
483
280
337
261
724
72
132
683
525
687
651
323
29
271
107
433
878
69
873
224
708
59
456
135
840
559
432
853
859
787
900
394
430
25
524
251
94
155
649
185
221
133
543
943
691
552
404
703
236
131
975
72
314
448
564
557
811
264
923
141
302
916
760
562
63
865
902
400
186
479
805
637
620
150
595
359
541
285
246
734
665
793
374
375
109
775
281
362
951
254
329
194
679
356
680
974
978
395
747
856
221
279
316
169
806
591
698
62
693
229
332
988
882
84
162
156
241
789
460
466
224
358
844
48
401
232
118
978
714
307
752
846
946
720
396
850
558
42
730
985
50
906
122
3
139
614
416
40
0
390
568
969
161
314
665
316
48
355
454
962
932
997
879
14
805
805
286
340
74
445
366
19
861
737
470
328
168
789
986
633
888
861
314
419
431
440
348
193
561
618
501
106
285
989
549
100
3
971
673
523
596
619
329
848
596
197
521
800
84
964
53
306
780
175
54
852
470
131
793
931
991
905
719
133
342
887
831
182
822
86
710
626
857
488
569
989
682
947
466
845
444
935
598
520
969
432
439
48
650
551
621
303
582
139
423
561
222
32
719
181
900
554
580
151
316
104
161
197
547
63
194
508
132
746
463
158
306
555
201
42
47
217
802
825
170
317
233
944
503
203
723
535
105
938
365
989
675
183
733
309
76
701
48
129
696
457
694
337
35
829
66
560
688
411
53
436
616
211
754
48
662
675
237
15
16
691
509
111
664
330
24
224
712
680
702
688
51
64
165
100
320
801
611
756
162
667
891
828
387
465
830
755
391
398
651
522
604
160
433
578
872
180
264
26
795
516
264
636
99
492
138
659
294
565
154
420
409
387
262
933
639
714
696
214
78
152
983
571
276
534
948
395
959
936
736
8
81
599
571
563
650
976
103
43
727
107
635
2
113
521
675
117
745
874
117
133
231
123
327
510
105
65
259
164
384
956
404
13
143
163
747
344
325
816
202
583
114
687
169
235
925
616
663
357
612
551
176
828
949
596
61
784
977
100
634
482
993
244
488
150
712
597
907
958
295
744
989
108
312
750
257
451
811
813
332
363
620
867
54
199
157
632
559
757
143
876
604
465
996
754
336
878
848
952
535
666
166
732
14
917
15
988
766
614
997
90
664
562
717
290
698
218
475
690
975
807
511
821
669
789
630
627
64
481
108
841
836
441
292
824
208
630
426
53
997
224
751
285
837
263
708
474
777
49
202
950
643
525
6
322
162
162
394
804
916
660
718
484
222
349
774
225
270
412
405
124
450
229
639
416
361
213
348
845
807
215
184
40
366
816
471
656
95
68
374
160
320
227
221
436
184
251
520
594
334
194
885
366
560
289
319
729
175
864
817
807
814
274
543
292
444
878
830
27
111
646
844
731
849
624
874
470
487
151
702
838
563
21
988
350
379
439
701
915
258
37
168
934
813
364
412
759
416
730
200
766
591
86
497
809
225
777
603
302
94
213
395
395
273
56
184
498
152
365
226
122
160
103
35
44
510
267
603
811
368
793
959
758
98
502
769
254
941
722
931
303
122
265
668
189
212
120
733
763
498
293
405
259
788
403
32
645
493
153
383
910
471
902
17
799
925
92
24
662
217
846
638
598
934
782
685
262
191
703
518
528
774
148
401
136
417
828
403
79
639
619
70
139
681
310
738
404
851
546
249
174
217
209
520
590
447
122
482
19
824
236
343
971
224
271
993
151
557
159
63
316
880
637
682
614
562
956
356
442
721
725
793
249
370
360
518
429
336
247
534
673
834
160
572
465
659
448
250
506
435
103
199
224
899
731
640
363
486
60
229
805
106
369
780
435
534
638
835
69
454
339
870
651
249
690
217
453
692
404
736
679
695
736
850
672
133
553
283
430
145
299
48
480
83
10
214
936
922
327
948
682
36
840
511
509
985
371
963
532
678
175
318
17
661
999
201
448
993
907
801
44
383
820
186
736
40
556
946
748
923
296
83
553
695
812
42
155
254
201
989
594
677
605
514
933
513
703
706
188
915
117
964
768
508
844
638
873
300
387
502
75
971
724
998
726
626
761
102
985
956
623
212
243
15
361
782
989
31
484
384
599
705
434
49
309
516
46
56
326
19
403
4
722
384
80
392
677
10
908
877
571
63
2
250
90
317
553
655
767
491
803
231
750
980
200
916
609
739
638
956
692
826
471
961
171
476
479
286
609
331
873
349
318
523
109
405
323
694
976
577
437
649
279
60
4
51
41
496
752
757
305
958
215
805
717
320
420
405
350
555
663
536
908
424
613
509
733
136
748
795
553
871
301
61
685
554
79
535
770
515
340
494
466
147
970
927
727
47
16
829
424
947
690
174
200
754
4
239
876
592
855
723
57
15
794
787
384
53
984
935
968
319
698
226
934
574
738
884
250
896
907
170
329
810
295
552
371
857
815
94
561
8
961
352
541
91
513
303
653
962
38
189
133
465
295
902
600
420
810
481
995
120
921
574
918
45
610
986
392
391
546
950
862
676
77
910
767
904
188
981
55
11
923
773
894
540
286
652
348
56
727
850
676
331
279
15
546
950
167
426
994
153
953
563
959
264
792
34
876
217
552
73
682
670
468
492
247
150
171
801
927
6
765
690
930
332
975
616
626
132
97
753
151
395
913
474
424
577
350
719
992
116
338
319
43
759
604
621
724
193
442
121
580
626
0
446
305
648
847
108
241
632
357
877
505
633
724
197
110
258
570
938
119
323
221
115
349
40
616
173
848
194
935
825
232
920
419
577
173
964
562
409
147
256
462
386
117
542
440
49
389
63
785
967
573
995
309
306
565
783
460
680
153
37
302
859
950
21
147
936
425
961
884
674
149
711
81
451
47
991
336
555
287
172
799
81
293
696
54
366
558
703
668
393
482
342
524
757
91
212
291
646
499
430
681
234
490
161
178
597
475
216
760
485
866
678
383
853
677
157
580
972
956
61
731
949
278
896
964
857
889
970
144
216
958
766
334
607
271
731
732
604
549
429
716
541
954
872
278
814
896
856
324
184
52
307
422
855
499
840
577
492
679
193
894
322
869
388
997
676
767
880
661
147
65
514
937
141
474
638
136
128
961
907
32
327
169
719
536
91
227
146
961
419
438
399
561
710
854
613
380
765
830
28
942
54
931
210
929
731
966
253
432
928
925
427
598
243
24
933
814
183
675
850
552
281
493
159
516
483
107
973
742
366
841
291
910
354
758
738
866
193
219
160
747
658
65
619
433
474
604
687
860
28
999
931
664
81
485
150
155
955
337
455
335
515
35
690
967
642
352
910
503
909
36
859
420
433
423
273
677
230
337
547
69
265
979
299
686
393
684
151
44
322
12
785
771
880
201
892
117
651
451
922
180
89
654
10
449
58
948
335
302
701
724
236
206
31
275
124
519
867
493
950
449
725
832
29
142
441
990
245
166
209
541
745
669
811
516
58
531
0
28
250
513
505
368
951
691
509
955
466
294
245
661
495
575
112
33
840
757
770
782
938
540
679
208
200
231
454
882
662
657
784
507
966
872
424
770
750
647
28
431
715
623
442
623
359
257
446
563
21
570
423
742
149
563
978
569
459
980
301
445
650
61
750
341
166
377
740
109
407
495
195
778
18
550
301
784
745
876
124
738
138
67
228
17
685
929
717
484
510
170
550
537
187
908
597
789
712
775
43
197
742
359
876
466
10
143
188
171
865
28
29
769
41
299
221
724
187
800
500
301
773
964
180
344
756
346
929
601
358
14
992
423
413
370
315
761
56
847
18
844
43
4
686
718
143
374
590
426
949
524
253
744
491
646
771
960
361
634
823
787
93
938
62
215
906
493
597
549
375
360
187
272
652
849
922
779
552
400
972
160
190
219
33
105
685
508
886
845
190
57
282
929
881
167
275
31
560
540
454
824
333
928
107
754
183
999
870
238
415
174
937
896
634
367
535
508
303
522
571
418
496
90
591
125
893
930
826
693
499
890
369
415
20
618
117
166
929
369
773
49
666
434
650
145
261
996
544
12
157
453
541
715
346
114
386
828
446
669
646
237
664
740
802
342
185
658
119
625
556
324
76
553
323
106
307
748
708
759
963
495
2
343
840
636
776
437
30
26
312
198
109
938
626
773
990
793
624
892
764
727
462
628
894
410
607
105
393
176
378
700
914
663
644
798
656
147
983
750
656
899
199
440
66
88
917
419
457
628
861
572
536
394
738
740
544
200
202
595
182
598
964
759
929
498
589
229
249
953
801
603
267
827
495
127
681
68
790
936
46
979
883
159
743
545
85
97
453
231
679
940
839
404
380
595
173
290
138
416
519
420
580
301
452
222
883
103
302
985
839
384
666
306
928
992
821
189
393
270
354
731
484
216
929
77
408
165
625
348
206
515
854
735
100
891
806
472
744
805
421
259
655
368
848
28
614
842
126
284
108
633
875
600
907
772
870
286
395
81
122
836
287
435
970
719
363
151
613
541
34
755
618
607
847
772
597
727
833
579
630
202
962
140
283
417
440
346
52
338
258
778
4
910
959
418
623
535
255
966
55
792
285
663
353
953
476
160
772
861
879
711
753
297
949
507
686
196
121
184
829
14
416
413
506
766
963
830
313
804
772
883
446
471
973
108
798
755
787
575
114
59
786
688
100
752
923
27
513
979
432
1
