487
817
799
728
673
182
761
394
880
166
551
317
741
184
998
387
769
261
416
425
173
521
460
898
316
210
864
557
407
152
638
895
366
821
993
123
670
998
323
982
67
391
324
815
667
861
145
155
836
829
790
311
291
162
601
342
442
812
269
243
685
67
87
344
98
546
817
356
754
873
97
188
328
947
381
72
445
383
109
838
366
105
316
428
707
848
301
350
20
483
286
160
586
924
819
94
615
942
842
839
675
355
215
423
500
134
132
771
641
520
182
144
995
78
270
956
632
255
578
374
38
115
304
266
161
886
502
268
409
836
641
878
450
7
945
757
969
340
813
517
240
964
808
764
903
342
415
860
456
537
693
954
324
8
150
668
558
718
620
192
556
0
977
311
190
346
874
72
421
889
308
425
889
880
199
144
934
751
27
959
556
357
922
902
90
854
444
682
15
47
785
148
972
246
111
285
129
703
616
861
107
433
662
211
158
688
750
166
341
763
223
233
163
109
469
45
565
825
607
41
518
110
409
397
814
434
614
780
456
155
613
600
175
432
271
639
868
999
475
530
46
399
22
127
759
117
562
580
999
773
754
220
656
518
543
775
109
640
482
745
359
857
991
476
581
882
170
873
815
657
64
106
55
192
197
155
885
626
981
855
470
182
417
975
432
28
137
549
293
236
648
855
321
262
504
519
225
4
539
430
770
171
211
617
619
145
487
92
617
640
10
186
757
584
225
111
563
91
585
157
866
946
659
890
419
93
773
427
335
896
470
385
538
193
246
714
550
45
968
283
254
490
637
161
256
431
109
639
333
888
220
545
472
646
0
198
736
147
379
453
708
211
489
127
522
910
646
570
589
914
901
253
153
973
769
495
83
80
50
987
745
902
799
342
763
604
522
960
317
796
476
632
139
369
389
530
464
615
80
612
26
378
193
959
781
732
644
561
450
117
67
783
532
922
108
447
24
112
277
243
54
74
389
306
488
567
832
216
221
591
262
190
683
427
64
989
495
860
712
3
234
675
213
744
698
992
576
986
521
743
814
972
887
180
609
565
623
215
493
173
544
938
5
154
970
32
959
697
539
928
315
305
869
862
811
600
382
139
519
737
44
923
704
813
755
28
830
414
772
862
193
275
67
902
832
949
589
908
138
825
484
165
775
630
145
347
641
614
741
239
572
465
36
209
759
796
270
446
439
969
347
617
655
120
411
892
213
859
495
37
516
48
991
78
393
207
561
412
724
771
723
121
5
302
973
693
312
844
566
968
879
426
49
698
707
695
859
963
47
648
740
542
649
418
728
152
453
504
529
591
455
797
395
805
197
563
228
812
831
338
141
843
700
196
793
718
522
125
265
733
137
879
105
699
501
740
259
582
479
133
310
750
991
383
114
926
663
805
115
120
231
888
312
589
592
388
287
218
479
436
814
302
737
574
544
120
709
664
555
325
915
954
786
887
111
821
652
297
361
649
192
934
76
492
770
178
881
694
359
632
775
626
505
731
721
375
967
120
741
893
420
0
180
850
755
76
259
212
812
649
405
561
85
291
458
714
856
109
409
806
933
870
357
578
884
799
727
335
345
913
792
444
540
236
80
762
923
835
64
239
119
275
384
761
576
953
62
260
366
3
61
167
941
430
662
225
796
927
141
337
394
462
466
571
141
853
66
38
720
638
105
114
416
442
959
959
396
614
388
928
535
495
385
142
292
614
509
842
748
839
832
546
886
443
119
205
876
502
909
986
53
147
739
569
765
299
164
741
150
620
439
65
616
118
665
352
532
329
318
601
633
682
196
847
289
348
820
526
316
907
638
857
103
236
113
481
784
313
20
336
840
657
643
460
573
427
225
406
403
802
374
778
311
780
181
489
688
341
973
643
130
729
658
624
376
551
831
413
349
609
714
548
167
655
405
99
257
523
236
591
844
319
352
810
769
955
151
719
565
834
613
574
762
156
467
539
134
287
218
161
793
318
556
764
488
196
128
300
577
409
224
589
243
675
768
708
164
176
797
268
390
480
960
997
791
175
582
78
259
16
581
570
232
293
165
622
598
658
632
818
385
42
608
382
28
714
171
676
12
33
357
643
6
105
51
756
446
223
279
485
445
741
965
627
734
129
953
148
309
287
338
514
596
90
591
612
724
359
309
30
260
178
690
641
9
714
681
318
555
327
722
939
639
476
661
144
982
551
659
619
73
582
729
759
551
804
498
883
421
656
96
671
585
990
327
298
803
615
910
54
593
164
323
269
693
328
265
589
597
459
488
191
638
434
698
101
86
716
510
289
125
136
746
802
199
578
665
65
641
836
287
227
877
497
837
511
332
181
326
559
654
632
285
947
993
353
224
560
956
95
973
640
735
195
215
75
529
585
365
964
413
501
799
622
90
403
934
677
910
703
647
529
342
450
196
612
565
430
880
237
30
225
932
157
919
613
106
759
132
336
189
941
5
199
971
13
310
229
313
946
905
946
129
359
689
271
562
734
541
933
852
607
312
205
343
156
385
914
671
33
52
842
166
873
100
660
502
971
179
764
73
772
247
810
727
133
963
520
923
997
391
162
723
962
845
759
226
969
914
926
251
69
116
796
20
236
326
433
293
276
413
11
563
829
870
323
134
696
255
99
27
133
22
464
534
171
858
917
617
847
860
533
345
536
809
130
739
529
23
571
419
21
217
119
660
105
209
209
577
763
922
388
14
777
735
573
84
540
674
752
679
284
125
331
958
884
895
743
359
853
939
900
196
433
267
268
174
430
325
736
860
899
319
22
304
814
52
396
910
283
459
118
578
850
408
716
557
655
913
967
475
701
311
666
381
932
15
653
398
726
868
908
892
306
747
982
900
368
811
889
522
676
6
859
732
85
577
580
786
973
132
143
493
786
758
47
217
243
616
782
776
527
316
769
732
190
874
335
568
99
14
216
659
57
90
418
891
979
396
143
386
760
907
875
80
859
915
569
972
512
715
628
824
451
159
867
16
171
239
646
902
867
411
157
678
696
609
160
361
310
701
689
88
390
964
214
175
250
996
514
971
194
851
979
305
886
659
774
141
731
423
686
684
923
429
396
214
973
56
745
875
179
120
142
497
106
784
4
335
293
269
584
410
226
894
942
713
750
795
414
990
668
998
276
940
712
720
649
432
946
618
383
669
990
130
138
112
233
406
562
501
422
520
21
427
445
629
466
115
445
539
95
312
161
143
316
955
902
289
896
143
429
61
265
379
251
230
642
225
693
840
220
99
73
850
223
501
536
327
954
602
496
624
110
398
718
751
240
269
617
762
174
511
497
186
577
857
141
344
168
17
540
787
261
350
44
40
465
441
447
326
786
700
379
740
389
949
816
138
487
974
660
545
341
389
858
840
275
619
770
876
977
580
921
979
498
186
345
485
462
589
276
671
808
667
730
13
449
0
578
651
859
722
292
281
354
420
661
561
44
341
140
454
98
620
521
923
814
499
285
932
812
37
349
645
845
988
456
718
79
979
800
775
720
605
829
974
401
537
453
114
592
43
104
498
909
615
679
872
238
412
172
323
446
43
573
589
608
827
170
35
497
643
958
186
683
99
963
884
766
927
878
854
954
136
841
381
503
881
335
429
221
883
578
670
376
413
392
27
427
540
524
472
205
267
969
767
176
7
850
783
686
578
44
450
614
642
397
154
365
149
469
199
728
379
890
263
509
79
451
666
802
339
514
137
61
776
876
3
450
695
917
932
691
463
756
834
802
915
670
349
361
711
438
722
251
127
594
108
939
516
664
248
850
716
800
683
646
237
587
738
822
445
89
5
2
537
769
225
191
824
57
290
929
308
325
337
392
796
484
271
821
313
766
6
126
483
177
744
613
182
651
183
999
575
434
560
832
437
79
37
787
806
25
645
695
751
838
449
438
447
964
686
207
160
142
595
19
347
474
54
853
56
727
719
698
79
876
336
423
526
67
71
858
423
972
674
705
828
462
14
431
210
872
756
229
520
390
377
629
626
303
344
473
318
283
998
994
162
978
801
781
160
376
30
455
624
140
886
194
648
967
428
535
298
378
653
995
426
329
292
87
379
828
978
183
845
155
895
852
708
793
591
428
192
762
68
231
333
878
163
741
318
368
934
75
979
295
534
669
956
27
634
733
441
92
80
721
928
924
63
963
393
189
23
322
985
805
181
245
554
310
63
496
307
874
488
983
345
827
89
263
258
881
557
196
121
12
166
517
923
209
681
780
37
130
75
441
192
54
607
718
290
640
749
661
842
226
496
926
232
890
20
837
647
461
929
32
143
984
257
742
443
374
810
546
484
548
225
423
408
440
620
14
499
927
873
818
344
101
592
829
396
528
841
835
383
957
436
564
663
692
324
423
899
152
886
538
834
54
564
687
221
663
760
736
95
440
799
506
600
887
301
975
80
248
262
885
582
605
368
581
125
52
107
366
240
786
873
416
202
301
360
900
676
792
825
0
644
887
884
473
862
410
850
81
194
343
190
496
90
784
505
638
245
243
602
238
93
632
614
302
130
589
849
420
17
997
969
651
508
704
338
707
39
164
748
6
636
649
422
806
724
569
445
812
723
470
821
651
750
334
378
995
516
954
395
698
422
156
948
876
925
503
855
723
974
240
167
507
124
473
904
940
674
415
70
466
251
329
912
113
448
457
8
65
853
615
843
849
801
473
287
64
649
351
758
991
360
170
254
555
812
317
922
654
431
947
472
413
136
736
439
28
951
692
213
149
42
258
515
431
390
670
638
595
117
973
971
962
568
903
734
995
529
167
22
48
280
179
441
32
816
222
503
864
781
227
925
370
853
965
649
839
408
561
901
632
773
485
218
480
802
610
138
190
103
476
754
815
48
186
786
656
205
497
355
368
296
227
36
540
163
933
64
325
299
886
943
204
133
882
632
557
595
519
144
641
594
176
497
309
284
972
610
688
125
555
983
250
164
991
149
368
648
597
140
413
364
175
489
930
792
290
239
877
678
874
666
535
622
966
455
344
694
566
811
101
562
113
487
961
684
707
821
682
600
187
809
394
750
186
903
279
580
143
269
556
903
328
116
989
543
939
745
914
957
763
650
19
305
758
183
298
108
347
703
197
390
633
260
226
837
298
324
638
468
838
629
334
779
108
292
23
649
883
937
408
82
695
683
213
582
904
204
47
913
212
344
822
112
908
415
856
150
3
221
803
291
963
907
839
166
914
83
832
935
570
109
767
564
527
969
503
253
49
712
749
662
633
724
800
33
535
368
248
437
546
997
284
919
106
491
115
235
591
696
908
191
372
288
105
132
901
137
70
10
478
321
616
823
70
502
280
596
8
586
78
852
650
146
779
354
374
505
519
182
934
389
624
339
860
350
588
720
816
182
502
593
690
530
860
825
143
707
481
462
81
721
406
386
863
157
660
641
308
385
341
500
219
855
736
416
88
427
186
315
369
13
570
494
971
255
773
880
649
375
344
444
87
9
981
256
766
557
740
760
560
48
154
224
514
50
871
267
850
467
561
202
165
194
742
140
99
84
679
822
439
853
609
256
366
47
149
852
369
60
38
27
446
809
474
278
64
785
178
278
870
82
884
96
537
969
16
569
439
85
119
833
61
18
839
335
714
973
291
825
918
23
79
670
377
304
329
275
808
185
12
966
842
421
262
426
657
893
833
871
635
63
775
285
912
138
230
525
246
89
507
244
177
313
651
317
110
937
188
42
30
549
82
175
216
975
869
43
879
747
384
779
571
940
876
189
75
648
899
14
448
246
529
552
228
767
685
828
745
496
453
496
623
842
279
717
557
892
372
191
329
54
574
674
234
594
579
757
98
593
714
198
170
64
185
418
357
125
193
703
206
761
785
536
294
476
728
460
293
856
959
851
714
475
794
838
309
940
694
634
458
313
606
200
408
699
848
557
143
199
196
409
993
889
693
286
95
663
760
319
732
599
833
986
622
918
941
84
672
638
938
703
125
35
483
154
496
731
208
445
639
816
482
288
877
123
483
359
78
638
108
164
181
981
840
577
810
762
950
216
743
349
468
329
657
604
46
303
420
772
22
135
647
700
470
558
887
875
361
278
88
230
79
101
277
759
799
851
320
212
279
565
318
955
694
835
850
928
483
514
153
27
663
942
901
833
317
72
811
725
657
0
216
650
302
32
360
623
954
540
135
112
788
129
496
638
150
865
858
450
365
448
51
683
581
367
397
337
954
707
933
845
377
168
154
447
988
287
466
875
853
857
816
962
402
423
682
264
406
944
831
695
145
302
78
552
693
125
993
497
777
849
936
231
707
595
506
217
582
535
479
662
748
677
873
845
36
362
144
927
452
83
60
299
594
966
989
894
620
397
807
764
328
639
42
344
421
996
701
179
872
180
618
260
131
149
877
573
671
848
886
206
643
351
646
945
917
725
398
433
660
553
754
487
912
897
605
162
722
839
750
810
725
858
312
274
734
564
648
744
391
667
135
818
886
207
439
494
749
351
147
909
347
568
127
870
112
338
358
819
925
393
778
98
162
245
53
762
777
598
735
528
215
825
441
805
51
23
629
365
111
440
401
287
604
955
248
468
98
56
760
758
516
109
283
94
826
905
469
698
512
760
772
153
252
764
30
948
829
724
12
228
318
220
323
274
482
880
531
806
18
526
641
655
754
335
119
795
313
690
307
405
831
670
29
697
233
777
186
420
7
793
70
772
959
118
542
961
339
315
724
696
957
711
595
866
178
364
777
669
140
403
709
159
58
194
942
42
426
676
187
768
847
755
873
92
182
748
727
130
217
895
429
397
494
625
675
340
610
272
758
455
159
850
909
292
917
898
74
800
989
465
899
684
216
893
128
774
638
296
832
617
986
352
724
762
602
870
949
815
285
37
713
726
781
441
880
696
572
330
364
625
283
740
943
508
238
163
872
263
91
448
165
48
905
715
436
755
549
235
828
673
303
754
134
198
243
654
825
127
900
285
619
550
939
160
163
516
941
162
499
754
738
246
124
292
945
899
705
195
970
381
733
477
860
760
945
322
324
691
710
966
535
839
872
606
982
227
771
185
121
990
839
413
895
135
743
866
784
772
152
807
61
870
229
463
624
629
991
519
757
885
305
832
746
245
945
283
307
255
987
998
613
353
511
657
877
111
275
221
249
499
436
562
587
243
269
779
119
76
650
97
442
768
975
248
137
538
929
682
212
826
166
990
263
737
32
533
8
586
876
233
88
875
609
442
600
896
852
966
789
906
369
459
405
768
851
700
417
826
508
279
629
22
905
559
762
754
613
443
637
308
966
162
361
609
436
897
791
536
717
482
366
698
181
834
221
689
115
368
164
178
919
549
131
736
152
876
242
391
890
968
408
865
460
276
112
928
223
211
741
505
931
941
790
769
156
274
404
759
297
438
848
542
93
921
561
989
182
274
627
76
347
399
948
429
971
892
57
725
144
733
909
670
699
866
801
42
369
302
30
702
466
283
191
264
626
287
44
31
937
419
90
118
245
709
870
324
767
76
32
155
67
595
764
834
105
325
659
265
312
779
632
249
194
788
607
702
747
842
840
635
627
573
969
608
315
126
17
113
868
66
49
350
354
305
709
75
912
682
536
307
966
581
14
214
461
132
50
20
402
487
760
164
889
874
741
814
665
605
602
642
789
105
744
179
51
234
501
643
709
517
756
499
62
735
347
943
470
911
814
781
702
497
672
832
671
472
562
573
916
263
68
889
128
885
689
413
330
107
407
335
461
722
691
894
420
134
427
802
34
585
445
29
416
813
790
922
664
274
748
337
430
536
548
299
847
874
376
888
617
663
856
427
106
118
745
439
420
125
268
329
589
262
973
921
133
247
875
718
361
948
127
52
541
59
454
461
647
76
417
593
878
211
236
3
456
540
531
547
139
313
607
17
947
531
944
380
698
659
941
399
414
195
200
460
405
38
549
257
627
496
192
636
444
483
829
515
141
96
707
692
324
70
706
878
680
258
604
67
667
52
976
770
619
801
1
221
552
570
621
76
665
384
289
28
295
363
34
903
715
894
382
57
147
608
889
164
423
793
180
721
866
878
935
124
444
492
367
50
540
414
171
842
155
970
224
221
372
806
453
299
599
698
753
139
333
818
239
399
981
443
11
706
789
79
639
639
348
151
183
151
180
404
51
694
822
137
658
51
206
169
586
531
589
296
950
824
116
561
49
339
590
44
551
43
399
273
523
512
481
486
99
841
165
776
640
550
654
401
353
379
177
247
454
970
192
93
554
772
526
240
954
707
686
104
91
527
52
225
240
859
221
421
296
523
682
39
694
717
550
855
114
785
89
613
685
70
542
580
2
442
903
604
935
621
888
108
659
155
777
386
578
164
212
224
531
674
423
981
546
518
100
221
874
128
371
367
962
761
537
161
728
910
89
649
596
507
617
674
163
226
256
841
411
151
20
124
54
545
528
750
32
143
306
937
755
700
538
480
50
672
46
672
970
21
402
99
956
995
797
176
831
640
584
978
90
848
439
195
471
156
330
309
955
794
205
933
698
833
802
317
584
967
561
901
946
866
30
173
691
183
544
985
714
394
714
784
145
962
138
851
336
192
271
559
96
68
488
151
892
972
368
986
865
3
741
988
406
9
911
43
718
124
718
105
26
859
932
944
84
267
729
303
175
184
390
56
938
282
849
50
283
385
335
866
400
958
767
754
848
687
291
635
521
206
682
676
354
856
425
374
216
941
448
699
591
657
264
467
702
318
794
851
789
691
291
378
522
637
99
329
54
400
805
591
695
281
169
102
246
620
277
557
145
222
394
219
555
910
475
93
151
893
480
476
876
734
864
222
866
723
61
183
867
590
241
108
420
753
943
923
730
267
405
210
410
952
733
379
385
59
698
937
890
170
663
579
662
919
907
153
277
486
761
799
890
903
132
525
797
706
792
792
555
578
19
913
744
200
971
536
540
901
673
101
194
611
426
154
213
241
583
880
222
417
482
229
73
879
17
727
870
992
95
192
659
148
389
605
414
778
624
61
871
367
852
411
684
411
455
759
479
80
904
663
578
671
486
229
907
393
4
414
106
63
130
135
719
214
959
51
944
66
426
773
344
230
936
431
772
526
768
741
127
393
115
569
277
262
615
100
532
961
130
717
678
114
299
377
867
139
340
279
572
204
563
470
682
45
256
614
413
287
74
592
488
959
818
619
490
120
145
516
735
604
773
505
325
567
454
314
299
760
551
876
667
772
113
524
769
104
401
572
171
11
585
317
232
31
251
273
693
786
794
659
506
629
987
918
540
504
89
918
595
559
319
967
659
302
557
745
457
36
166
733
291
383
968
454
194
796
762
878
899
265
260
684
312
105
304
647
334
618
318
778
576
759
893
748
512
573
742
986
237
893
618
300
193
293
892
233
713
130
673
111
544
799
988
251
101
67
382
97
456
297
387
641
572
305
767
942
758
687
319
820
859
589
788
709
512
402
225
321
355
166
710
304
415
465
518
932
565
415
211
528
117
514
962
711
700
60
912
930
87
270
923
770
566
58
349
446
212
802
11
409
371
908
101
428
772
738
534
492
588
842
426
655
354
319
655
688
381
417
964
740
794
224
903
400
690
472
995
593
706
865
806
696
197
606
352
544
100
584
375
877
902
799
312
955
546
140
280
136
505
14
824
359
121
543
959
66
291
586
913
43
934
915
845
895
693
834
597
495
923
294
486
789
871
443
624
647
682
223
735
371
317
502
775
912
760
864
910
468
725
564
76
903
211
716
814
507
471
612
255
15
492
184
919
479
187
321
446
921
78
219
169
326
534
478
93
562
316
15
506
274
148
923
510
154
574
727
259
449
671
455
786
833
132
113
886
550
46
149
926
131
673
148
882
395
230
185
231
579
265
824
709
193
949
602
565
856
2
250
440
564
601
143
187
148
510
974
775
105
644
756
692
465
415
229
206
672
211
540
8
308
474
175
548
652
226
285
156
548
844
671
883
575
753
633
389
738
975
300
285
529
281
985
981
952
645
139
664
880
199
58
508
596
923
840
811
503
624
241
824
260
544
140
822
624
867
392
404
848
355
189
901
987
306
417
20
860
679
11
869
215
512
511
335
941
985
150
581
110
83
834
364
409
552
579
430
467
131
953
965
18
636
358
483
556
257
527
14
569
392
927
641
1
256
544
981
396
200
335
160
573
647
738
748
914
731
241
511
978
21
519
258
619
889
803
379
999
499
295
382
2
245
980
512
211
253
312
259
612
723
565
414
984
321
279
604
481
171
602
213
731
221
974
217
456
636
400
528
656
164
974
247
68
121
470
974
895
538
28
381
275
511
446
739
820
91
373
817
922
676
442
803
336
703
243
550
252
713
489
568
99
417
767
184
714
89
257
886
907
586
638
509
90
415
436
877
715
762
463
925
899
907
861
630
103
72
513
915
372
469
378
685
68
84
79
962
754
552
17
981
178
827
301
961
352
240
956
447
971
139
9
927
326
532
295
682
995
122
701
958
668
964
958
827
527
74
153
507
373
99
946
695
104
112
339
228
463
653
555
396
495
368
24
184
215
394
948
627
888
666
482
74
503
457
707
608
129
48
97
742
50
445
16
632
321
533
108
594
92
131
499
409
179
46
751
726
236
337
391
325
850
812
564
684
426
728
388
854
373
760
244
456
979
243
734
3
754
902
236
224
178
93
504
226
12
482
99
132
407
342
582
595
718
621
584
998
145
911
380
27
62
592
542
707
909
168
50
813
589
462
768
656
30
312
128
330
916
662
919
158
348
77
467
218
326
975
777
590
560
503
288
169
51
522
745
197
603
817
814
906
936
731
740
961
812
48
870
550
329
624
927
121
720
1
348
950
352
847
684
344
506
566
708
556
93
52
363
881
890
698
983
462
998
512
603
996
527
920
886
155
965
802
936
384
439
295
955
899
975
762
92
374
795
488
165
626
937
976
328
140
398
678
897
765
43
689
193
39
396
452
539
490
806
210
613
183
157
634
285
28
559
130
29
278
321
464
317
853
467
588
67
657
690
65
17
602
779
434
379
757
319
705
195
714
735
651
723
442
517
383
910
782
932
901
980
587
510
35
800
490
80
490
840
148
459
608
961
50
874
823
308
10
899
931
272
486
397
816
613
390
492
857
986
21
555
317
36
18
86
908
412
493
283
600
828
985
397
127
302
241
405
588
504
651
389
317
359
681
538
663
167
998
790
725
741
781
582
696
458
221
591
840
388
10
656
1
890
189
12
897
491
107
54
277
340
330
841
643
237
16
499
779
726
870
638
646
363
402
3
368
745
922
499
931
788
412
739
929
782
963
307
242
174
51
635
126
707
421
402
546
436
687
669
679
341
531
585
49
664
719
893
531
357
317
454
735
103
720
744
427
229
783
742
64
650
118
191
467
938
704
893
878
401
513
731
633
297
640
434
90
383
737
576
724
483
800
806
963
139
202
436
909
563
845
835
220
298
329
366
497
404
646
342
434
496
748
753
172
445
905
550
452
198
308
960
694
678
17
789
409
650
142
129
18
810
66
924
612
396
397
172
690
309
507
208
19
540
610
899
540
86
386
889
923
495
236
129
823
35
179
479
885
425
135
509
526
169
273
213
60
426
497
150
579
442
851
232
932
27
264
869
717
494
440
695
276
151
149
760
58
389
354
42
852
660
611
435
181
697
822
164
288
121
231
206
768
839
658
714
258
864
873
948
138
348
646
91
163
595
90
143
707
889
435
39
522
720
228
47
403
272
942
691
186
310
708
570
366
814
309
841
592
374
211
258
121
793
896
170
611
53
880
924
669
954
73
341
426
766
151
805
763
298
964
646
705
659
884
885
895
21
167
506
499
491
584
517
613
827
243
31
704
738
843
666
654
524
888
198
809
797
439
697
835
673
412
939
663
285
299
531
736
408
332
225
703
17
725
568
778
854
721
23
344
86
950
965
425
660
645
159
426
176
426
920
302
44
443
227
376
736
677
456
750
610
937
673
895
845
886
303
612
13
640
582
596
709
855
690
258
893
458
564
169
699
562
373
552
20
603
77
785
415
29
512
555
895
777
663
743
779
359
255
151
284
972
919
482
162
704
875
21
507
269
408
212
217
844
739
830
855
610
979
165
456
216
952
460
132
24
158
460
367
147
90
191
656
23
903
702
427
958
806
646
531
290
256
156
200
300
568
570
441
428
18
697
550
66
795
862
124
571
27
162
637
951
430
473
532
623
658
739
443
509
229
97
177
363
223
768
442
629
104
297
348
195
870
841
228
247
44
659
508
325
706
604
137
231
397
911
92
64
188
854
933
632
814
618
751
470
139
706
661
333
949
535
495
165
554
992
288
994
369
961
366
802
191
246
751
303
605
646
301
316
72
971
62
132
204
829
91
31
589
894
995
102
596
560
11
893
539
59
476
352
701
507
577
358
69
101
595
386
929
194
755
65
594
636
971
190
555
806
41
592
556
193
153
109
490
648
574
568
228
205
565
917
693
676
943
901
865
317
392
222
957
711
232
250
128
936
182
695
616
193
748
783
354
942
891
629
378
572
348
816
691
386
743
981
107
274
116
780
606
913
396
341
990
362
555
427
524
65
500
534
989
226
784
295
740
922
893
196
888
534
31
651
657
240
742
347
237
967
236
671
945
590
617
20
894
389
621
49
538
619
649
758
704
974
714
132
213
889
803
972
816
651
878
964
397
408
822
85
549
249
76
288
22
927
69
14
275
461
516
855
320
899
697
706
204
319
725
539
426
710
545
546
934
743
458
88
169
337
11
597
953
67
552
341
65
841
554
441
256
607
387
481
744
813
520
263
645
554
838
135
663
837
330
114
438
95
401
146
426
36
89
504
164
441
370
9
549
247
229
439
353
69
503
939
830
796
105
225
967
27
864
492
440
435
124
672
693
989
583
470
947
432
772
617
707
454
361
368
870
982
954
981
186
868
323
498
696
204
138
691
622
863
663
918
808
676
145
191
910
215
879
864
610
974
455
486
296
360
454
935
450
521
469
703
519
409
156
953
768
794
646
162
671
200
856
218
19
859
479
28
348
935
429
469
496
485
400
33
504
986
463
616
995
309
10
288
28
718
421
484
370
490
240
531
348
579
406
531
135
644
496
739
637
939
814
232
644
911
177
7
176
144
176
26
382
293
396
934
974
217
554
608
203
239
53
607
891
365
326
981
694
53
665
480
613
549
37
685
72
776
503
100
163
286
876
86
862
958
321
955
672
172
464
416
23
694
506
957
423
904
715
813
445
575
526
742
982
267
366
273
449
269
687
651
645
216
775
282
424
972
996
124
742
685
330
560
514
202
361
208
620
842
89
926
79
929
715
747
749
367
446
926
506
354
867
266
66
754
165
921
240
274
352
148
804
62
717
932
471
48
783
75
326
293
413
364
209
284
844
169
391
639
857
307
272
58
520
755
710
992
723
263
561
188
251
345
374
613
804
809
531
523
808
867
298
343
642
795
871
607
317
693
103
374
241
585
815
209
234
603
894
374
757
201
56
680
111
933
544
293
99
730
986
488
928
532
546
698
621
888
268
580
538
786
377
31
996
486
690
148
677
574
501
200
846
41
889
703
921
637
991
66
567
323
71
410
147
409
164
316
617
438
581
767
575
654
945
440
62
332
310
847
372
191
318
306
202
181
239
335
781
613
174
359
995
457
935
358
740
824
155
183
843
985
366
533
399
467
235
92
682
946
479
765
373
251
239
576
870
193
975
588
639
456
512
50
500
855
965
304
433
507
227
369
741
350
538
433
104
606
180
31
620
137
920
579
682
430
499
222
901
616
5
185
339
932
291
430
901
873
262
435
684
87
408
989
910
375
726
368
820
995
142
300
641
223
790
124
577
700
783
952
891
222
188
899
973
35
875
55
827
203
710
947
803
55
326
382
7
410
614
910
320
205
775
465
740
671
533
381
492
545
309
907
549
519
169
677
897
650
666
336
872
626
305
157
352
985
498
562
431
811
357
798
544
81
346
153
402
877
608
153
937
800
307
73
46
135
232
444
642
300
437
199
659
97
970
781
88
687
334
812
975
605
640
388
120
539
531
504
198
558
732
957
434
126
299
231
35
499
316
691
550
567
865
887
181
236
686
70
599
918
568
264
373
179
154
141
388
351
86
978
116
789
229
604
84
159
779
970
335
934
2
927
647
821
673
244
524
40
752
244
473
26
43
681
60
412
313
709
120
345
983
27
881
958
430
771
267
351
806
932
119
165
525
435
842
515
41
330
996
400
69
229
650
143
107
461
929
889
87
543
520
236
75
647
352
253
60
894
147
82
176
842
638
122
243
836
772
493
101
269
736
904
793
234
526
616
540
599
199
928
784
736
32
526
869
146
214
879
19
231
80
459
390
1
96
627
830
550
199
559
977
433
860
740
119
226
241
746
731
763
275
444
361
803
243
433
832
328
446
47
926
205
821
503
314
963
306
315
930
820
184
660
801
506
501
65
445
230
791
1
626
389
832
969
742
405
727
601
274
117
436
401
530
306
640
498
410
990
247
327
4
178
803
273
106
532
902
994
188
69
307
297
343
289
722
412
195
473
918
972
935
261
765
810
930
986
467
191
649
732
299
170
456
693
116
626
767
548
3
115
699
40
939
238
549
171
630
16
475
516
270
644
745
868
500
53
612
123
68
868
699
931
491
416
906
841
559
659
620
140
785
992
692
974
657
995
504
375
431
65
507
921
161
151
581
391
238
174
289
638
597
99
340
405
363
981
725
697
231
8
109
1
748
766
195
641
778
741
116
521
305
844
478
605
380
14
960
496
230
617
512
169
363
889
256
760
549
702
438
34
498
596
422
703
742
152
30
125
427
496
765
725
905
931
697
899
883
480
429
556
792
731
483
888
795
738
115
326
928
29
32
623
186
660
67
466
462
906
311
503
694
919
496
80
923
996
344
672
122
64
256
855
393
927
287
14
199
689
450
469
829
969
656
333
861
44
65
447
405
505
82
642
984
888
160
588
473
203
687
672
133
89
517
766
652
281
744
840
788
764
160
832
170
651
170
895
877
855
394
424
617
456
157
555
181
717
96
830
418
890
193
118
600
640
480
643
334
846
145
625
733
77
833
651
354
689
673
114
679
803
412
658
605
251
602
814
96
987
358
730
903
871
107
222
846
145
629
155
66
217
791
286
840
825
561
601
682
462
187
985
63
202
354
738
862
359
85
982
647
198
358
940
142
405
384
589
229
79
393
811
164
998
997
378
768
11
220
768
181
758
825
425
385
353
272
2
735
910
348
295
477
137
338
145
819
201
517
503
919
192
511
29
369
817
552
930
296
561
22
443
760
958
370
445
849
772
762
312
605
22
809
471
477
970
695
163
616
573
182
263
90
126
50
415
333
111
812
737
142
301
628
342
262
201
160
290
571
438
69
982
779
867
136
407
421
91
122
143
436
391
774
762
80
286
880
107
482
643
964
524
92
388
432
821
251
451
720
19
835
309
220
770
29
319
543
669
767
705
118
442
432
939
882
403
134
804
917
559
582
33
453
551
64
250
936
284
812
320
725
109
717
379
2
374
736
824
912
861
120
575
511
590
746
691
718
319
840
211
235
277
909
301
219
213
588
674
695
407
261
957
572
796
12
533
677
640
207
609
191
74
861
331
697
953
942
477
653
465
66
808
479
827
994
492
802
498
573
530
241
553
520
933
881
27
126
478
656
274
479
639
617
993
832
351
296
877
190
308
420
422
840
439
798
427
409
425
741
139
495
292
939
192
227
308
191
678
149
116
791
858
531
916
962
661
150
672
712
832
633
77
599
537
22
204
595
995
583
585
712
212
158
245
47
728
738
639
467
210
830
809
871
595
519
654
94
555
362
954
630
276
312
218
641
199
624
931
274
726
711
614
609
432
886
968
59
811
159
752
865
587
861
218
370
128
352
721
784
783
842
521
596
983
289
577
959
915
569
47
519
231
646
174
130
956
338
795
146
830
49
878
884
748
55
203
878
399
169
191
421
771
769
872
952
36
848
550
13
930
511
805
86
812
766
236
656
875
0
16
807
173
425
650
969
994
710
231
550
195
295
70
448
790
347
508
549
334
952
539
110
128
620
145
428
392
646
445
406
809
107
948
577
668
101
842
492
752
942
156
54
816
837
521
343
10
315
225
944
963
669
102
559
584
846
319
715
719
344
84
177
12
374
859
217
263
625
897
296
539
965
548
10
786
368
437
147
51
398
187
363
526
140
698
828
166
199
267
625
45
736
477
589
637
334
289
740
250
648
187
866
374
790
996
878
844
122
884
491
14
641
5
219
698
992
723
56
559
100
528
593
829
642
516
389
459
120
289
751
658
502
148
646
206
717
424
679
412
690
60
33
695
326
541
157
989
989
206
928
799
289
371
591
645
411
974
622
687
742
112
476
185
848
825
911
790
653
907
455
205
233
825
522
697
898
285
404
418
792
894
840
345
482
216
727
976
175
533
963
424
285
114
313
140
585
365
218
411
516
922
588
323
893
629
393
913
57
889
788
757
765
727
595
33
667
995
365
570
912
312
810
384
129
347
57
328
781
277
402
688
164
329
1
914
554
790
275
602
503
687
521
986
542
630
174
196
384
143
718
223
557
40
533
491
958
534
817
343
329
859
380
298
714
956
882
590
27
391
36
360
856
114
999
364
353
981
492
142
573
953
309
579
999
499
840
158
520
977
739
414
337
469
276
133
146
807
300
307
180
644
736
113
984
661
370
721
746
947
291
210
701
909
205
842
804
204
121
21
746
430
476
594
583
366
54
948
472
757
553
941
666
122
530
398
802
845
655
244
660
833
85
597
534
903
476
728
936
343
17
715
866
786
577
365
842
563
237
523
664
155
550
88
480
444
662
446
316
181
449
897
611
828
934
882
106
915
118
570
949
81
639
460
115
504
149
677
259
975
134
311
734
37
680
857
698
302
818
74
704
811
476
748
980
953
403
86
991
572
149
898
330
941
517
685
16
310
156
556
720
742
628
876
574
247
354
586
637
421
672
441
596
553
316
513
2
628
928
301
303
343
534
349
568
615
792
162
630
990
690
152
212
908
53
189
356
933
992
392
21
611
637
21
162
908
389
660
810
327
601
865
759
144
974
879
53
611
444
718
298
349
227
596
764
102
162
127
579
594
142
567
444
526
804
618
87
472
467
26
287
800
841
881
67
467
816
172
277
974
44
573
182
375
340
51
499
390
490
581
497
99
577
691
89
634
250
21
839
961
739
805
157
906
597
487
831
259
784
785
499
971
613
957
663
799
319
123
206
971
967
771
16
308
579
729
77
353
75
793
294
466
343
650
465
833
24
791
679
693
290
648
323
78
402
583
697
283
442
967
376
254
702
303
389
721
562
931
734
473
450
139
760
672
517
325
414
178
399
846
551
38
506
310
673
988
24
362
392
989
144
650
461
621
194
346
437
917
169
630
191
205
460
71
665
487
968
802
192
160
862
456
378
287
260
16
555
223
803
831
183
26
949
866
82
923
352
107
498
837
412
119
597
690
5
352
461
915
44
878
844
647
984
384
702
439
453
208
690
525
527
661
60
685
437
946
82
60
836
3
865
93
535
656
451
731
736
578
839
712
134
747
438
203
930
154
789
408
408
484
652
618
831
582
682
956
132
470
314
901
370
417
54
177
78
807
822
684
946
851
405
97
376
918
393
225
32
139
453
815
816
838
628
41
520
438
772
961
135
345
325
977
565
407
205
996
501
830
281
873
822
524
585
659
976
748
217
524
366
999
144
952
731
772
863
533
221
858
423
841
153
73
183
172
65
681
209
956
121
419
256
807
434
907
961
90
160
887
938
0
335
945
971
559
669
464
552
77
683
965
304
912
389
665
333
946
316
428
24
827
197
656
568
32
968
276
167
282
814
244
594
634
959
470
826
656
480
328
651
426
406
788
257
97
889
269
218
328
592
284
229
590
685
731
324
627
572
650
344
606
517
616
226
45
468
601
193
310
745
870
197
954
561
819
511
810
977
41
67
313
954
980
787
288
605
350
705
489
803
482
512
796
666
477
128
373
648
807
772
222
453
992
74
504
841
621
334
637
151
481
443
33
405
368
223
207
497
727
754
160
153
399
363
710
127
985
999
894
855
187
263
540
271
888
164
736
762
238
242
647
432
849
718
517
790
533
758
781
253
505
355
443
298
974
997
648
906
246
700
493
375
18
894
899
219
388
490
79
79
595
63
979
569
157
257
975
545
871
930
703
910
959
921
662
833
323
946
368
173
506
810
757
82
824
532
289
749
895
77
688
421
104
681
407
933
241
872
390
665
665
464
873
887
903
319
910
859
65
142
528
958
600
893
562
868
855
655
80
241
469
467
607
272
968
915
461
632
650
637
563
459
576
452
671
539
580
754
685
571
540
412
790
664
155
218
57
427
398
9
109
484
105
7
177
227
232
971
490
310
778
334
772
643
271
426
724
624
602
885
529
295
681
274
451
135
177
532
428
921
591
264
52
216
265
78
808
363
579
907
690
515
358
895
996
980
675
270
869
370
765
605
990
520
11
10
94
904
133
832
353
890
910
702
144
491
544
403
546
4
582
793
49
755
194
179
631
619
119
91
142
811
680
108
695
389
783
993
650
741
18
1
892
988
224
776
423
24
778
459
995
769
996
583
874
475
602
998
841
507
240
511
851
568
625
569
536
232
761
828
178
580
166
388
584
129
969
186
139
83
923
689
845
615
210
570
50
958
507
989
95
786
241
740
959
406
35
341
885
150
268
13
483
495
732
900
344
701
380
816
401
944
143
745
254
506
387
614
637
616
831
859
876
866
959
136
383
528
866
943
162
242
293
153
969
412
800
797
747
781
310
310
988
715
82
72
929
725
412
351
31
93
547
540
101
823
421
597
488
954
10
800
620
153
319
500
151
462
886
836
618
941
986
800
394
785
992
809
363
877
473
17
339
457
20
181
540
662
488
329
363
336
815
70
54
639
990
98
299
474
818
572
563
585
468
162
37
45
341
209
71
470
261
8
687
968
60
169
655
835
707
558
607
742
773
44
565
264
80
742
431
650
184
313
153
468
698
183
58
218
149
907
89
187
404
168
365
767
817
165
249
562
715
505
118
104
552
159
299
119
358
302
96
252
820
936
96
691
829
77
989
894
468
651
717
449
755
588
802
600
597
460
959
366
668
774
46
411
956
242
302
560
591
261
562
354
850
940
317
577
812
566
129
437
814
702
223
604
782
250
265
65
950
587
732
988
881
233
977
970
118
770
529
489
540
270
432
498
302
426
827
788
416
543
436
601
151
631
388
167
592
284
256
237
790
13
436
159
431
613
51
825
320
65
81
476
524
54
864
991
572
253
46
853
104
653
944
959
547
35
471
991
229
799
817
224
251
382
459
404
961
416
266
836
167
398
953
846
89
250
484
878
520
882
211
947
174
34
650
44
551
869
965
311
842
664
241
350
535
547
734
999
227
421
384
559
863
75
949
954
647
836
393
673
62
692
44
592
918
291
93
467
701
65
305
652
475
921
396
852
944
87
455
548
427
95
298
198
4
788
113
957
419
449
810
821
394
519
519
681
821
676
231
112
890
700
295
554
843
519
37
484
977
383
285
646
794
836
572
302
667
901
378
3
440
397
29
399
120
248
952
545
886
553
826
839
450
977
323
637
807
950
857
364
197
358
369
938
46
990
434
825
766
395
915
799
883
740
436
762
492
746
521
797
14
669
667
724
426
709
825
712
754
866
405
479
162
888
777
907
739
546
783
757
770
346
928
790
680
834
716
922
75
970
312
57
81
302
766
51
348
187
230
360
273
662
90
193
827
586
936
878
116
884
112
645
868
468
389
580
866
346
305
571
463
355
960
745
490
727
271
657
734
920
869
128
271
912
183
198
371
79
186
343
878
728
793
333
894
791
343
964
230
922
726
1
373
433
862
632
430
803
657
449
66
278
779
677
257
299
719
739
320
836
636
849
493
402
574
9
422
95
545
747
679
21
241
801
193
977
596
291
824
424
505
798
333
956
466
195
603
994
861
762
77
132
481
810
724
862
387
462
550
479
39
573
505
870
964
501
144
774
136
653
468
0
739
462
644
35
920
982
319
651
126
345
534
395
389
275
295
104
771
998
860
51
126
485
777
18
116
59
716
989
566
931
568
296
395
501
858
466
232
25
820
72
702
507
559
566
124
43
939
163
259
759
122
392
673
968
683
574
812
526
611
281
528
73
749
60
20
5
946
850
815
560
540
966
40
836
372
776
867
852
763
845
23
860
470
377
820
249
834
636
154
18
895
790
948
858
538
184
788
251
610
49
232
681
251
321
434
504
985
638
901
26
60
872
835
929
618
3
915
438
339
545
264
171
830
953
365
307
64
832
293
420
380
634
863
462
478
749
326
555
770
203
238
27
138
642
938
954
900
49
251
32
129
65
459
374
506
645
952
488
662
448
475
555
38
210
760
492
953
622
201
178
203
939
947
457
480
693
289
44
815
743
735
46
297
992
183
709
689
567
143
44
917
860
412
52
291
644
648
678
343
8
150
135
848
379
486
912
43
262
300
497
166
378
307
130
503
514
199
326
693
82
600
252
148
431
691
131
286
109
746
49
93
271
483
56
349
966
454
174
878
425
303
975
183
166
348
385
630
810
73
404
652
114
783
372
93
959
547
612
445
976
330
833
590
710
602
64
310
97
684
941
133
914
870
89
629
509
661
583
162
126
959
603
929
500
502
303
564
262
401
972
195
689
652
585
79
643
872
971
351
247
174
209
790
525
204
443
324
293
730
887
272
952
758
111
47
340
91
58
134
466
632
277
252
917
765
542
155
912
569
221
589
997
247
544
714
902
38
689
231
50
975
414
811
278
98
580
996
804
305
777
71
381
926
365
804
255
648
668
527
27
56
875
586
437
243
692
216
505
192
31
900
255
41
455
720
594
326
791
635
2
732
855
850
284
445
287
126
803
834
982
118
854
995
271
251
182
214
985
153
657
806
858
302
336
139
543
43
377
983
426
423
538
289
729
731
979
818
423
400
774
93
289
269
166
532
863
36
513
269
12
956
780
67
708
601
809
609
658
63
567
281
467
662
943
923
306
559
662
529
161
829
604
975
369
335
743
880
430
82
213
147
977
83
108
669
315
209
240
56
907
585
928
712
341
291
285
702
168
922
537
542
873
145
279
235
33
737
269
115
576
127
451
925
668
154
431
518
258
714
566
882
424
92
408
368
860
666
113
223
765
127
712
444
124
712
414
694
998
110
732
712
385
608
601
117
520
582
831
363
357
448
313
109
194
461
267
684
284
135
630
176
869
411
847
529
285
182
994
466
451
499
672
717
989
170
650
505
250
698
633
79
792
743
164
589
760
975
21
897
42
942
280
760
837
737
953
927
143
879
641
325
958
652
285
588
73
711
163
892
454
203
761
576
128
715
12
964
436
822
394
683
632
635
492
888
529
646
428
794
864
551
967
843
649
468
726
33
991
261
919
811
943
645
947
600
895
920
132
808
627
432
141
694
76
338
422
493
525
341
178
552
884
850
494
606
344
31
865
818
885
974
803
697
474
739
355
572
27
818
425
613
624
287
180
38
433
47
152
92
756
715
912
763
213
69
557
220
776
962
584
905
54
256
186
418
562
145
813
615
663
294
189
13
184
583
177
950
147
86
249
617
139
371
3
776
272
10
933
672
685
353
889
988
326
765
392
514
100
309
532
23
751
334
263
758
423
477
377
819
294
11
762
574
509
346
453
3
2
118
708
247
907
447
966
181
282
843
66
142
468
640
70
750
375
63
633
963
840
708
553
993
895
714
241
937
671
955
611
368
222
389
334
451
797
241
236
920
932
117
619
136
982
360
14
161
820
285
471
816
960
705
59
884
0
103
953
541
45
99
521
282
144
948
910
26
296
658
63
83
202
286
583
79
429
961
687
860
8
197
757
218
915
807
668
319
495
574
943
158
427
454
483
735
372
237
672
488
975
591
619
672
806
980
43
828
870
934
678
491
497
681
392
700
772
579
96
839
743
228
414
305
996
951
788
129
406
693
233
935
376
571
540
364
342
138
619
597
708
756
991
609
730
886
420
562
920
297
66
480
580
467
59
497
29
258
314
421
690
33
196
509
676
419
86
915
69
579
178
661
564
78
839
355
143
905
795
824
307
452
368
262
746
344
729
410
785
492
808
358
701
907
173
405
954
58
852
905
256
693
508
256
50
65
224
197
940
396
691
691
752
393
333
53
549
287
684
672
821
393
569
962
690
232
657
427
236
549
748
809
865
195
13
651
713
696
775
179
13
893
272
126
452
315
180
600
729
925
425
672
885
804
418
867
820
589
515
620
327
919
184
521
157
529
314
513
406
864
407
945
942
638
189
109
387
518
323
940
555
588
987
701
348
842
520
910
201
348
640
27
726
637
462
267
985
987
927
158
821
789
70
210
380
701
494
597
568
720
532
453
766
265
991
243
407
70
845
222
605
651
51
476
598
882
128
851
888
597
551
278
929
522
319
955
458
492
200
345
952
682
532
519
46
641
96
823
282
733
734
457
362
277
673
844
499
275
547
887
702
955
382
662
576
419
677
232
804
689
326
13
430
499
472
653
103
118
99
828
424
978
687
337
909
421
860
102
672
644
259
345
615
769
977
41
635
461
478
877
118
614
597
966
248
300
914
764
517
582
306
710
430
378
180
43
27
257
139
30
107
896
716
455
567
291
955
931
145
484
836
893
540
729
904
110
792
156
135
720
604
419
740
457
904
624
841
643
783
987
207
584
749
340
938
562
323
813
848
953
812
851
52
37
154
933
435
675
698
748
770
981
289
947
258
922
489
689
594
397
469
913
751
1
189
51
489
697
773
459
325
973
568
854
907
833
877
213
387
80
851
59
865
119
103
504
330
996
742
512
498
476
73
822
108
75
493
281
949
391
803
873
133
718
915
443
619
29
775
871
988
154
639
363
639
993
434
880
912
939
171
42
463
373
967
446
100
885
161
139
242
959
368
75
309
677
823
675
761
189
70
30
752
924
642
120
952
240
958
14
23
92
171
803
523
428
724
244
234
400
647
789
347
526
800
805
696
320
856
620
537
20
621
78
869
274
95
463
359
48
967
309
843
441
131
869
108
173
90
494
195
586
873
218
390
80
847
515
138
938
556
570
846
247
208
746
775
416
323
404
753
133
233
819
985
393
79
431
52
316
503
631
714
814
27
47
405
456
234
833
336
975
556
232
942
514
20
768
249
875
1
938
891
298
360
627
452
573
682
995
248
244
702
211
188
464
819
143
21
300
899
212
318
883
159
523
52
425
211
819
943
342
742
277
263
605
785
217
776
787
129
478
100
650
235
702
268
901
723
223
338
470
224
526
334
979
575
111
299
783
563
39
206
45
398
330
802
8
207
280
378
229
136
403
964
434
418
892
846
224
327
611
553
611
116
492
614
66
737
614
593
802
391
248
265
285
853
605
872
832
262
974
861
34
18
222
44
432
239
905
719
509
501
445
187
519
787
163
834
653
785
967
808
916
891
626
300
129
774
305
261
728
498
742
238
371
636
100
624
719
847
169
994
64
654
180
479
429
857
53
909
510
58
964
349
218
459
553
468
333
501
315
941
694
367
52
272
238
714
225
995
796
853
768
68
470
889
42
904
994
979
535
803
547
121
497
836
255
795
393
164
773
544
910
996
220
930
812
216
318
143
712
483
475
812
634
160
746
232
379
914
234
195
566
601
487
585
403
338
985
207
662
761
694
321
471
149
95
333
122
73
303
480
966
163
280
930
515
66
304
408
804
169
825
823
196
890
271
432
806
913
738
124
972
302
819
165
513
222
99
246
818
623
942
384
814
678
383
418
447
303
917
645
257
568
715
361
87
282
390
664
485
517
159
213
63
80
984
695
369
241
179
360
112
607
470
52
397
697
699
249
354
578
820
770
237
892
371
631
433
670
520
757
276
164
100
62
724
394
577
732
594
20
44
663
152
612
843
256
998
409
873
857
376
824
649
700
12
594
767
645
728
26
569
20
88
681
428
523
869
912
907
824
25
497
530
319
902
250
114
136
110
232
533
536
102
924
696
46
52
620
641
645
343
809
782
409
821
543
388
560
847
327
25
438
505
437
921
908
478
614
605
7
849
699
619
185
342
466
998
582
430
615
981
828
593
879
497
831
550
196
504
593
30
314
424
107
855
4
157
907
396
612
642
754
658
550
982
640
349
7
502
933
704
151
121
991
276
296
137
908
688
498
404
387
575
733
482
419
735
690
49
599
853
583
909
812
661
757
931
769
983
670
660
154
222
632
119
913
331
273
727
345
38
663
244
152
988
429
957
497
284
307
219
931
43
627
472
162
247
355
174
792
673
300
157
447
843
766
820
797
89
142
193
349
421
965
571
494
402
734
812
850
546
795
205
861
515
196
201
80
4
614
3
425
621
428
652
121
692
525
956
970
540
401
170
122
24
889
863
200
62
810
332
2
894
798
187
640
25
879
211
137
295
657
46
193
808
387
421
771
484
377
163
921
471
617
654
869
548
863
18
834
458
352
983
732
68
943
179
945
18
984
43
962
372
607
314
802
295
164
252
619
312
189
748
151
446
95
938
833
316
315
824
160
924
169
563
509
975
596
47
130
312
58
347
359
888
765
132
210
204
123
590
314
284
871
613
585
605
177
81
131
773
617
919
551
206
787
796
233
403
959
788
201
952
705
305
20
351
544
696
340
717
580
398
551
747
865
496
905
535
83
855
679
411
165
937
57
461
577
508
467
86
414
982
849
727
321
609
116
164
914
810
85
908
653
752
492
129
200
97
637
378
943
744
264
25
178
347
268
46
952
857
168
545
795
961
37
255
535
525
315
612
952
734
719
23
903
856
950
363
744
638
272
57
988
9
307
51
102
769
731
76
339
590
532
427
203
400
180
470
527
179
31
946
318
23
247
649
152
955
552
405
790
697
366
280
91
749
172
582
315
143
570
490
623
952
818
717
162
329
559
646
740
446
258
547
184
130
458
493
899
796
135
378
420
735
220
131
410
792
462
462
799
864
189
774
367
625
535
638
308
798
827
957
10
939
128
650
618
995
259
249
261
48
239
238
151
948
876
318
805
471
110
6
812
938
57
531
448
375
822
55
669
732
453
277
678
140
463
388
487
45
782
648
353
729
11
246
482
692
60
421
807
36
672
970
471
983
112
532
876
318
84
287
233
902
759
924
987
743
385
101
581
134
951
829
4
21
144
998
763
763
78
796
788
150
303
623
988
907
536
103
626
240
877
480
756
42
103
532
893
672
178
719
471
992
42
382
857
311
994
633
981
372
368
424
393
766
128
417
919
900
916
31
643
259
525
494
209
418
584
35
625
601
376
553
904
920
484
102
804
564
436
772
275
148
245
763
801
802
807
987
668
916
128
872
685
874
863
902
62
787
654
556
354
96
565
717
461
938
815
129
162
111
723
218
899
127
818
962
144
621
847
418
943
8
784
77
468
602
360
948
901
48
966
218
861
368
597
39
443
873
73
42
470
340
147
632
207
656
881
961
347
691
301
353
228
36
168
516
43
61
955
163
595
95
2
579
365
301
350
188
204
675
797
39
92
231
631
601
140
757
384
652
581
376
669
781
854
756
261
816
606
937
277
703
797
602
360
802
294
804
994
512
893
786
463
67
737
13
316
642
863
632
337
48
331
65
370
145
739
628
785
397
658
562
578
581
221
958
515
571
277
184
581
342
522
859
19
802
777
849
774
878
834
102
538
575
592
137
1
594
365
719
106
439
114
90
510
377
680
303
423
505
830
445
804
771
143
697
829
768
487
999
512
890
618
74
270
718
217
453
878
556
786
34
739
370
10
471
100
198
298
241
424
90
283
904
755
298
8
202
330
1
735
771
223
129
843
882
337
210
41
495
236
986
276
753
64
106
455
116
625
9
959
15
570
921
99
427
454
79
184
64
485
321
349
778
151
728
712
472
80
213
564
573
16
56
544
79
413
811
932
381
848
909
50
414
609
114
599
349
504
272
157
224
377
276
526
799
19
59
783
113
901
933
767
490
781
571
594
58
191
241
910
31
822
191
497
730
746
977
333
647
334
862
529
206
900
806
158
302
80
333
307
841
838
452
717
107
209
6
14
940
480
424
168
749
391
290
679
855
56
658
728
455
731
784
122
29
561
283
720
52
497
362
823
772
102
184
18
539
485
334
344
42
742
924
415
931
438
459
231
320
623
833
853
239
277
551
354
595
941
272
728
188
836
359
449
973
553
715
107
782
336
935
628
224
476
34
270
934
728
445
550
643
331
186
879
198
942
850
838
938
954
495
474
154
11
896
875
737
387
379
628
680
604
68
453
321
142
308
553
544
417
837
473
794
840
281
411
85
642
107
795
183
302
341
723
762
698
736
306
356
272
826
119
22
814
546
361
610
936
215
685
855
636
710
546
34
754
58
348
498
494
366
843
29
20
630
167
145
22
460
458
522
292
310
266
274
49
668
202
704
935
943
757
175
750
701
646
574
974
354
318
704
78
40
155
162
328
102
729
970
123
791
959
303
284
26
273
155
290
655
758
52
389
265
885
338
739
974
17
140
350
707
462
571
53
180
574
896
62
930
205
841
173
606
829
206
683
233
151
74
477
342
471
309
928
263
826
134
14
612
471
934
712
10
559
584
785
407
378
876
978
188
880
539
271
516
456
932
525
849
264
885
198
22
922
701
427
654
872
702
788
259
308
225
951
611
382
418
75
5
74
474
416
466
589
458
382
430
612
933
494
333
713
743
472
842
475
786
25
787
713
455
41
592
875
801
887
570
630
253
746
305
545
293
357
486
408
469
557
279
485
237
770
177
509
676
32
871
718
230
817
528
532
340
744
223
186
153
268
4
683
997
728
608
53
915
19
885
734
205
793
964
750
967
93
744
241
161
993
848
79
901
436
130
810
849
926
843
300
663
531
467
50
135
114
797
408
798
264
44
450
728
174
800
901
832
164
120
880
457
672
898
882
525
751
630
913
314
639
505
300
269
471
372
278
894
555
196
120
187
239
901
321
432
759
848
724
660
906
844
726
64
145
560
763
288
439
630
205
652
174
788
79
496
435
908
212
94
24
827
359
894
957
718
174
508
1
152
224
495
178
768
960
418
191
855
102
891
135
976
112
929
184
400
378
667
781
229
711
964
221
843
730
826
804
801
534
53
552
83
566
149
242
392
513
820
151
723
758
506
771
287
201
848
937
315
39
604
680
805
363
467
101
971
197
412
705
140
708
97
656
557
992
905
430
432
254
897
349
791
305
569
303
958
425
394
348
446
99
141
177
494
717
823
645
284
532
769
569
930
788
515
228
987
11
440
456
348
490
653
540
39
785
611
807
155
750
245
926
408
994
611
666
614
448
780
745
581
275
690
143
542
979
959
928
753
427
838
701
568
786
405
169
216
859
870
487
488
4
212
954
563
288
90
272
495
345
727
332
335
85
166
863
854
500
986
458
130
580
823
538
136
504
187
0
614
827
748
476
467
389
267
885
747
761
182
520
735
99
907
923
9
736
63
997
549
987
487
308
74
321
438
994
664
259
222
668
300
38
2
64
983
536
431
323
405
552
586
437
472
282
476
922
349
199
395
781
430
877
618
275
999
608
889
153
396
676
143
738
247
878
835
321
496
550
418
920
924
187
187
955
824
355
367
116
223
781
812
612
879
118
552
594
346
531
642
371
168
241
420
902
378
95
844
842
977
725
507
695
93
892
53
94
994
153
878
694
508
359
158
468
851
624
851
726
513
912
174
820
17
46
112
163
402
647
746
535
256
377
83
197
868
449
604
794
426
241
896
748
856
194
127
803
670
769
729
299
32
329
976
424
201
558
167
926
970
153
951
781
584
797
24
157
388
980
211
180
747
726
70
353
870
600
505
364
772
853
742
388
931
772
838
604
5
709
781
67
623
137
111
494
845
101
277
805
529
794
799
415
403
901
982
898
754
966
585
907
593
311
84
30
708
371
402
59
473
592
927
909
708
506
680
104
987
558
30
726
184
887
637
806
429
329
210
651
425
104
515
828
945
963
257
308
10
995
297
880
810
938
128
129
678
114
620
726
854
443
271
519
837
663
310
687
453
646
201
559
95
58
643
163
352
886
512
12
335
688
230
129
66
95
53
619
880
739
544
604
722
264
989
210
923
78
121
597
7
641
276
643
967
544
436
861
114
731
726
288
911
966
23
610
902
788
816
630
855
266
56
862
51
810
411
596
263
368
248
301
654
325
337
634
110
253
875
829
35
727
350
164
551
665
958
645
819
781
287
767
591
339
408
168
645
268
590
816
556
481
817
937
432
174
227
841
327
623
308
494
527
13
196
942
130
476
240
463
979
860
917
425
875
450
67
134
212
171
24
955
135
629
606
879
808
545
134
852
727
632
355
198
730
601
892
927
181
205
601
581
988
247
351
265
367
451
654
909
740
58
575
489
131
599
11
665
786
186
383
703
769
70
516
392
656
952
170
862
220
710
421
682
72
562
488
539
712
370
85
800
625
726
710
501
493
429
190
773
866
811
593
997
122
659
418
433
349
245
883
221
594
405
999
314
813
752
564
747
906
723
972
274
615
378
618
932
936
297
153
502
812
554
360
787
349
820
530
67
829
621
794
209
604
900
988
25
573
805
815
908
984
2
806
809
99
362
374
538
577
728
49
360
740
275
9
52
239
533
456
516
180
931
156
502
493
968
680
259
942
310
198
347
151
10
233
297
23
739
30
234
203
903
154
384
127
1
270
590
539
187
400
655
887
995
356
47
769
782
695
749
115
94
411
851
706
449
751
820
992
800
630
857
43
848
936
304
263
400
573
554
110
287
565
847
424
778
294
137
46
168
989
721
935
178
389
697
805
921
565
880
346
125
219
363
837
112
478
598
97
789
482
767
4
400
613
307
228
716
294
943
557
667
853
789
528
989
789
993
742
487
214
575
994
463
184
627
444
299
497
85
465
891
759
559
848
481
514
676
624
203
392
398
797
434
180
116
105
651
905
887
406
288
0
111
538
626
761
502
884
860
437
649
115
527
106
791
454
70
112
735
294
349
641
354
879
595
830
858
845
481
332
150
388
598
541
443
384
912
298
360
210
49
30
30
364
124
630
466
899
66
269
625
139
294
660
903
730
145
263
643
546
962
882
274
842
478
370
895
430
904
792
948
34
757
288
920
598
398
120
405
603
251
579
188
844
569
150
992
535
767
162
508
675
875
840
537
52
388
67
679
337
131
590
679
311
179
438
76
414
898
754
220
457
851
976
190
531
490
297
130
893
683
676
983
508
199
177
981
951
804
483
680
846
767
552
397
134
537
757
956
545
731
378
50
434
264
382
762
910
590
147
920
702
167
169
346
841
282
633
75
606
97
455
140
551
840
139
353
2
913
753
566
177
158
452
956
945
300
121
852
23
136
511
743
454
49
661
496
838
377
164
526
686
657
196
561
442
112
250
72
639
208
374
413
955
646
970
902
91
348
679
609
196
524
602
563
330
283
948
221
231
791
919
771
707
847
875
962
538
606
697
238
771
507
31
189
836
159
362
971
547
764
394
987
63
223
743
231
686
154
1
333
288
297
973
86
16
334
59
891
994
315
428
598
367
92
706
106
862
318
999
361
862
64
87
368
262
292
154
920
701
146
457
428
853
378
18
906
449
963
455
152
312
277
976
949
506
104
345
9
151
310
334
601
519
812
802
859
852
288
983
402
899
199
624
278
378
326
163
772
667
347
218
798
654
944
416
838
526
786
920
436
385
44
113
970
59
251
423
200
748
558
243
752
405
933
986
256
563
954
202
536
274
760
633
503
218
326
792
463
263
504
501
817
394
923
110
366
245
931
225
411
484
515
289
847
311
199
874
629
284
785
374
249
617
887
640
785
175
86
813
353
178
629
202
667
125
216
169
785
66
422
189
96
679
706
725
563
724
419
526
425
649
752
504
852
557
36
794
247
849
457
10
723
18
733
156
398
181
526
692
616
373
90
655
323
601
807
979
671
41
428
528
448
470
314
886
893
841
147
21
613
931
885
59
359
860
595
487
766
392
377
229
63
987
545
683
681
917
7
472
72
729
165
892
398
679
492
435
511
522
976
443
143
227
662
972
714
500
684
119
999
529
789
551
858
104
857
812
389
705
125
455
370
561
875
648
736
49
617
443
991
739
14
361
73
324
991
802
655
813
581
0
622
243
376
646
452
39
796
472
107
888
422
517
968
188
795
686
56
966
701
154
225
361
531
714
368
666
468
920
892
171
336
285
773
860
667
871
978
333
135
81
687
342
380
740
31
167
815
724
860
699
469
933
560
63
218
580
158
681
562
642
226
475
778
107
354
663
428
701
560
261
334
620
269
319
886
770
147
493
4
996
535
884
4
15
801
82
790
265
73
125
820
893
488
889
695
654
128
648
438
532
985
579
221
780
785
239
190
770
207
659
86
994
85
742
526
93
887
109
196
974
844
426
950
971
176
248
19
201
595
939
910
153
674
28
175
935
936
322
696
345
752
93
313
68
610
163
264
425
24
749
185
127
99
188
333
82
599
61
538
906
231
780
431
118
415
956
602
335
796
308
0
705
474
821
889
524
938
937
861
657
413
526
775
8
194
159
884
542
208
699
200
267
737
967
542
650
747
350
441
777
435
73
859
504
184
242
897
543
474
82
994
48
165
747
739
604
710
599
520
745
240
719
352
593
651
784
190
246
651
807
839
369
104
557
429
450
831
390
783
593
620
83
650
595
154
976
745
536
265
56
916
241
147
964
984
824
739
746
355
752
994
498
50
778
607
364
417
697
259
909
278
654
238
529
434
845
929
954
45
712
777
710
517
490
92
967
434
75
332
724
18
986
341
668
596
402
133
378
43
731
791
413
121
297
379
591
477
82
54
477
882
536
89
717
486
318
776
427
404
896
794
215
350
275
704
832
202
123
316
404
207
147
856
703
509
279
943
376
79
206
900
780
94
547
45
306
371
11
731
525
304
649
297
192
27
964
7
323
344
474
306
228
931
502
601
577
111
172
262
658
901
502
880
531
892
95
697
743
193
444
297
832
91
314
310
563
638
491
661
313
490
795
930
303
776
950
143
951
457
324
125
119
234
116
365
568
671
550
489
57
355
205
309
241
89
657
211
732
803
659
983
589
220
849
399
441
420
545
806
156
72
859
559
909
235
359
864
644
301
613
282
460
333
115
635
604
350
161
454
951
684
184
832
979
258
33
64
591
554
843
994
157
512
892
407
23
419
56
829
398
712
751
55
581
780
729
201
924
358
389
258
8
976
31
741
600
496
335
862
683
711
646
350
805
141
548
371
160
934
101
607
687
637
378
747
566
404
483
729
725
621
354
611
948
808
787
914
512
298
55
70
634
294
176
903
849
930
191
190
526
41
41
604
726
224
160
836
124
375
285
863
972
383
420
581
997
658
352
418
662
19
405
45
641
419
372
960
36
885
345
940
228
255
96
5
476
685
534
990
788
404
988
8
293
615
806
100
416
658
906
843
422
809
684
13
922
779
862
414
267
489
293
418
30
981
759
73
600
472
536
403
984
332
11
304
35
443
277
820
793
306
542
254
765
510
633
756
707
89
475
669
545
537
664
42
408
470
337
570
964
949
833
328
702
517
255
507
811
365
542
810
429
945
231
866
439
847
600
93
14
378
118
217
683
586
694
146
14
142
674
885
532
720
895
42
184
563
290
820
168
211
18
545
814
920
289
353
671
473
53
260
681
561
91
485
749
785
123
133
275
290
54
237
749
324
188
964
460
648
10
872
567
831
432
37
738
277
345
231
634
998
91
334
294
691
231
797
210
376
715
375
757
861
394
95
890
183
869
258
604
811
258
643
963
990
363
610
539
676
154
242
435
667
64
5
443
659
21
735
990
532
225
924
879
964
25
567
96
499
725
824
486
165
103
592
513
124
734
996
751
184
400
732
167
940
830
887
803
109
241
717
54
505
530
256
229
874
895
648
835
414
978
954
541
84
795
740
884
869
94
303
184
61
511
458
777
196
18
95
425
326
399
100
310
515
314
0
771
227
473
911
158
338
38
900
84
316
188
538
465
589
647
840
588
415
756
919
702
409
799
841
163
753
476
679
745
606
397
286
925
308
417
880
406
316
110
643
9
55
614
48
867
136
20
698
917
331
242
632
81
102
843
601
52
250
211
947
772
534
790
920
376
872
606
902
278
216
710
329
607
556
35
16
399
202
731
584
529
389
125
473
271
886
192
107
479
798
408
332
266
918
802
393
750
828
217
526
59
706
785
860
426
204
961
446
240
606
902
560
115
712
90
253
588
679
859
507
498
769
79
133
351
244
237
365
436
875
880
796
336
174
925
495
829
325
979
831
235
178
994
62
486
128
147
185
163
675
216
350
848
293
957
275
697
306
571
416
510
689
582
459
393
560
996
198
846
99
293
463
92
864
234
124
936
786
527
168
920
247
634
735
253
312
197
810
793
566
816
303
616
83
823
320
580
428
283
230
56
609
996
818
254
845
724
319
444
121
655
264
664
416
518
642
429
14
635
165
990
650
599
500
87
173
55
166
866
933
998
545
7
11
395
723
661
118
354
580
221
225
641
635
343
536
809
427
292
546
108
161
377
651
805
421
477
577
11
659
386
753
936
501
967
534
798
79
702
781
105
398
345
383
312
789
720
452
708
734
781
288
619
418
25
741
262
509
695
461
390
257
286
906
30
589
500
725
634
529
293
207
45
81
483
543
176
939
576
32
942
391
926
877
756
867
600
116
286
64
193
477
477
476
26
358
468
141
138
460
970
686
501
152
226
849
655
603
165
489
610
759
418
371
706
196
363
729
858
204
793
594
936
436
890
169
403
511
526
289
933
32
610
490
595
692
763
298
681
105
892
515
226
247
755
212
805
530
981
535
60
129
802
487
6
830
563
612
252
610
912
541
177
52
590
344
802
326
573
41
477
973
168
20
374
435
590
88
164
218
261
843
10
511
862
732
529
840
75
209
530
555
469
853
282
549
419
517
567
684
532
248
335
10
77
609
319
430
151
514
825
528
207
879
615
577
161
28
523
597
695
987
129
622
506
374
364
542
900
373
685
449
812
261
291
452
384
918
964
502
665
462
233
89
968
119
479
725
22
170
834
658
74
23
12
783
963
35
635
204
645
35
289
704
529
379
181
272
140
702
958
61
985
657
360
184
115
320
551
925
979
420
584
658
816
528
552
450
428
759
907
978
690
549
246
574
102
86
193
537
445
462
900
984
804
29
858
146
348
14
619
694
226
437
819
529
997
460
312
707
121
928
849
876
688
452
521
448
856
274
755
524
296
57
736
147
915
64
411
722
335
109
158
149
656
906
797
676
390
844
200
965
189
50
759
255
202
447
949
256
811
659
159
940
991
340
542
426
837
949
40
949
569
416
564
324
385
669
348
174
805
631
13
462
213
95
634
598
581
600
919
763
419
566
873
381
576
75
811
81
933
799
547
181
765
580
19
584
744
668
523
931
849
31
291
528
781
284
806
949
635
867
59
317
547
589
757
532
839
41
922
140
670
157
697
41
575
412
692
941
715
681
85
928
619
833
381
352
624
590
336
481
898
214
756
186
0
406
95
668
46
908
904
519
797
72
574
162
788
558
870
575
692
410
232
953
529
816
944
571
604
744
458
174
277
411
758
966
46
108
940
609
595
397
545
958
54
965
687
214
655
99
114
41
824
178
791
881
942
545
183
531
883
206
489
39
697
310
14
852
721
555
974
200
337
283
792
116
748
577
70
369
596
146
15
849
146
678
782
636
998
136
759
557
434
932
898
232
784
909
704
578
493
32
282
253
117
152
42
303
869
166
489
38
735
117
15
778
528
760
216
806
966
121
780
477
141
622
423
229
544
898
287
155
701
733
101
243
745
409
178
65
355
994
818
65
53
193
302
695
820
902
75
644
649
215
120
742
175
305
662
539
781
289
24
98
470
152
897
62
187
921
444
359
667
624
751
239
185
689
729
934
819
842
466
258
507
606
826
686
974
935
697
718
689
63
638
180
228
235
67
171
479
565
366
174
457
340
810
851
487
666
363
457
969
954
329
299
72
964
892
200
4
670
14
624
722
536
750
646
755
668
792
805
799
289
313
432
184
499
153
817
228
984
793
941
97
841
716
83
189
315
74
495
446
873
879
688
267
568
27
490
246
702
802
640
337
424
603
170
485
287
270
534
970
238
527
590
729
907
503
262
13
535
433
809
943
204
938
759
25
266
586
741
202
110
719
513
64
703
296
880
300
310
479
901
567
330
552
920
75
268
214
338
260
118
605
480
621
147
50
923
887
755
406
27
867
910
1
483
137
634
932
605
233
803
71
843
751
133
176
279
420
169
389
200
919
194
697
810
594
267
450
488
288
271
460
32
309
292
710
67
262
932
321
247
784
98
841
275
980
990
732
279
424
501
8
630
784
192
618
809
915
254
864
153
771
25
207
536
812
770
232
756
453
906
54
41
756
591
283
474
892
943
728
372
466
771
923
935
830
43
899
266
68
298
767
490
9
214
932
398
275
598
581
114
634
544
629
542
483
198
744
875
410
964
583
577
559
937
826
968
506
784
320
169
729
298
179
303
760
865
670
832
503
595
248
50
335
17
306
660
502
203
124
162
643
707
982
468
115
922
690
396
290
482
791
386
245
458
31
117
979
55
162
856
388
285
516
71
602
482
954
669
76
579
426
84
850
998
864
247
114
299
685
111
401
839
193
241
917
262
233
672
335
500
156
100
94
217
263
70
222
183
1
742
152
657
680
20
899
681
866
32
536
470
224
782
819
649
621
217
349
938
956
603
118
572
87
134
968
177
988
978
335
723
866
348
149
201
345
55
794
34
863
337
544
609
239
948
716
236
924
856
361
307
508
594
790
42
943
43
920
483
95
120
666
531
385
809
920
719
625
728
988
411
908
655
119
686
823
94
649
454
117
552
564
595
189
306
163
899
26
399
168
738
107
619
202
435
235
314
877
823
156
475
652
808
268
702
425
371
162
135
757
944
329
887
499
272
83
606
31
426
777
950
109
849
966
207
539
246
996
803
112
997
118
397
14
375
212
290
642
259
781
180
21
497
975
631
434
325
426
802
800
284
274
716
498
759
131
849
154
993
751
63
868
486
259
121
430
537
248
927
942
378
781
536
339
379
465
637
781
502
614
179
681
333
377
669
509
997
710
652
634
919
441
116
414
108
751
940
873
13
51
393
744
733
84
271
93
579
723
574
416
167
787
364
998
752
185
597
104
144
635
948
951
373
749
989
618
845
958
449
914
629
905
44
301
302
575
390
454
381
130
260
374
61
813
58
588
834
271
904
824
709
510
14
581
871
40
301
164
940
924
52
365
422
71
683
969
491
707
728
715
844
682
372
396
266
272
704
318
735
398
169
408
423
139
717
129
49
773
778
936
829
237
266
879
140
833
220
47
439
586
225
607
157
398
505
790
788
712
171
520
715
131
14
662
553
630
934
333
678
377
214
225
237
261
406
683
498
658
353
69
374
538
638
862
59
946
385
16
94
257
798
951
801
929
777
620
817
811
356
344
795
63
838
572
798
689
205
93
365
38
416
357
772
141
203
244
379
699
431
718
100
615
437
197
125
21
375
551
235
166
828
963
315
116
662
373
94
811
866
105
696
962
763
572
669
449
34
582
993
581
807
475
234
367
749
672
573
579
509
555
769
971
145
220
172
347
930
416
24
816
809
60
233
82
783
174
485
737
610
214
249
123
28
820
700
427
321
700
83
261
173
460
561
118
255
910
103
673
262
296
71
44
799
553
761
497
472
150
777
504
668
203
110
74
739
917
839
904
325
947
635
10
916
557
293
915
627
461
747
858
894
299
378
436
999
140
199
68
850
330
316
644
918
486
173
973
937
450
22
187
886
787
355
260
174
636
563
855
144
662
138
265
262
267
402
122
174
866
661
638
297
772
858
448
516
213
529
409
840
118
828
902
520
111
405
815
590
203
326
188
283
228
457
890
922
124
284
859
871
173
928
308
209
449
127
616
512
371
895
1
309
214
407
574
398
76
77
88
642
654
290
415
575
123
355
402
981
908
93
772
638
532
139
393
389
244
727
327
913
236
195
586
812
46
523
264
796
949
489
179
781
747
795
341
536
71
357
53
461
685
583
119
632
16
420
546
411
3
86
203
864
69
816
439
105
274
26
270
494
534
171
899
994
788
46
800
587
173
139
710
108
989
200
730
792
31
68
323
5
488
385
679
587
385
251
925
224
318
425
398
121
699
919
821
311
654
