479
33
83
836
576
788
27
904
190
732
693
242
811
774
286
462
70
828
27
554
86
651
426
250
150
270
164
922
797
383
599
628
497
454
547
785
463
834
169
196
265
668
523
962
980
523
276
254
749
769
637
225
320
93
537
510
237
354
278
148
384
557
569
916
698
667
276
522
713
361
910
449
225
501
503
135
493
842
318
760
718
561
322
6
759
802
337
317
755
234
608
605
251
919
120
801
432
414
577
28
73
749
46
531
938
213
300
173
257
447
168
495
622
192
125
213
726
215
318
907
972
771
174
353
693
305
801
957
574
354
455
538
900
708
741
222
472
7
255
921
133
128
662
297
655
858
74
450
602
871
316
531
836
567
779
861
352
880
81
12
168
59
657
80
422
815
903
437
351
255
747
53
93
206
484
64
263
339
293
746
935
679
543
163
511
387
787
548
865
279
298
740
34
117
203
706
795
148
968
885
876
473
29
448
620
879
525
673
105
47
931
688
888
931
291
541
946
444
51
618
300
371
457
439
689
453
162
525
406
903
155
890
513
689
160
115
119
671
687
824
689
850
232
288
626
62
723
542
480
116
670
75
276
272
442
707
119
349
241
852
83
395
670
240
540
547
648
924
137
537
844
944
627
920
591
863
977
812
581
889
148
433
961
732
54
105
721
42
114
170
404
571
848
245
187
386
216
211
786
421
376
370
274
551
779
837
996
456
200
538
267
132
604
853
30
584
725
834
826
896
613
768
248
782
623
753
288
542
153
541
153
853
677
630
59
847
982
886
563
519
980
220
907
73
731
702
196
291
894
784
320
451
500
307
328
730
677
217
711
958
923
477
466
981
751
839
716
429
886
789
881
600
352
213
543
61
654
903
837
674
165
823
249
589
123
943
673
890
893
820
373
567
858
695
831
939
112
748
337
396
145
455
26
584
25
514
788
972
423
67
741
960
486
754
71
11
959
161
710
579
956
20
742
44
387
63
55
754
333
759
838
50
482
456
681
826
987
6
430
921
932
832
648
105
44
502
912
617
538
19
28
367
366
165
142
939
913
889
460
790
529
380
415
401
165
405
114
250
394
518
81
617
40
193
931
402
740
966
870
899
690
410
438
76
830
396
897
278
527
746
594
220
729
888
824
974
534
232
426
453
857
917
729
217
854
609
66
973
265
615
590
716
281
411
688
573
673
149
459
130
379
788
565
55
777
711
812
69
2
550
244
542
549
720
554
802
468
590
887
152
816
100
316
393
573
920
127
95
379
619
840
995
112
932
202
563
301
972
657
258
683
324
284
153
817
330
71
555
678
987
569
95
357
610
244
422
538
62
902
76
503
882
507
260
259
78
845
300
32
571
681
752
391
676
879
554
562
848
950
487
734
700
41
516
571
948
786
303
322
154
522
858
202
791
50
731
462
823
369
415
190
554
826
244
849
548
608
54
532
453
857
625
26
868
901
245
255
239
482
304
386
614
710
549
703
470
543
866
7
625
138
271
813
770
606
730
381
190
84
16
562
358
686
766
972
529
281
613
917
119
936
228
895
448
750
55
988
770
448
206
713
74
428
456
791
297
826
158
527
624
118
180
850
151
47
266
962
110
32
481
297
959
584
864
908
130
591
982
947
792
503
338
543
348
836
943
321
571
978
483
963
820
819
886
277
779
441
456
559
743
174
803
854
651
5
512
589
898
788
397
920
475
745
812
640
612
326
95
302
739
690
479
166
200
478
139
146
502
864
806
991
768
711
609
528
0
493
416
30
851
154
57
952
328
930
54
949
551
629
12
739
790
862
596
26
855
499
150
123
21
680
294
263
885
824
855
5
26
738
515
219
160
596
204
831
690
782
309
43
591
157
890
964
727
666
711
749
380
543
852
413
220
173
829
897
722
261
463
471
652
313
454
272
391
254
828
385
950
297
45
535
218
971
14
340
451
10
499
570
605
581
647
867
902
67
990
251
939
217
895
362
418
918
205
682
219
701
197
377
311
407
137
507
731
330
651
848
350
273
526
941
757
817
189
778
975
246
871
623
100
304
362
660
746
829
4
363
615
212
33
900
738
515
7
477
573
878
45
556
819
381
314
187
471
352
225
726
333
866
610
715
377
767
460
815
589
410
551
17
897
864
550
717
155
395
993
552
982
708
145
211
198
160
4
790
521
230
640
530
289
722
660
642
727
433
210
287
169
177
817
399
364
756
543
162
597
490
332
64
144
703
705
74
116
504
7
692
694
525
157
427
962
124
393
353
600
618
159
10
442
870
879
793
212
892
513
516
788
43
316
866
865
356
556
165
416
575
65
807
378
59
180
349
441
554
157
250
369
655
431
106
531
837
245
804
149
765
790
770
77
283
108
392
556
862
939
271
383
58
412
781
425
908
761
371
485
601
363
163
46
427
655
595
313
666
559
994
410
18
636
798
220
22
41
688
141
562
780
149
253
805
829
793
423
187
649
562
479
325
800
814
12
995
538
650
495
832
616
201
57
984
807
805
340
665
567
493
416
786
617
186
429
412
560
599
360
932
703
814
574
130
32
809
629
946
804
779
186
653
830
580
93
594
569
66
793
742
154
811
376
701
113
76
172
123
113
36
879
956
207
554
252
188
727
655
334
765
241
674
918
843
579
847
978
701
768
818
745
394
910
966
875
364
685
485
453
86
227
106
42
742
437
907
957
367
720
244
556
815
110
282
566
31
900
846
428
348
759
393
757
80
22
250
556
86
907
737
581
49
428
719
565
783
182
436
54
303
601
597
49
988
958
784
302
637
652
141
327
227
858
963
284
238
279
467
751
884
30
197
583
55
390
174
322
490
573
115
762
328
492
836
235
377
445
16
515
945
953
512
799
199
70
67
687
871
181
606
952
4
138
365
824
174
245
891
334
251
350
394
670
246
301
191
668
145
631
813
873
951
749
420
689
995
398
509
53
86
60
166
963
889
804
269
267
96
647
538
365
63
606
613
942
316
354
225
738
944
569
380
3
403
533
260
847
339
718
39
527
161
680
910
668
800
943
920
733
843
526
751
131
305
608
177
901
623
174
390
551
419
62
872
557
153
548
347
830
732
771
339
804
546
436
221
15
948
711
419
337
561
151
959
404
150
752
290
680
876
612
922
121
846
26
950
468
517
672
639
290
929
359
510
486
519
797
628
96
274
9
121
388
559
750
740
612
353
482
164
890
13
297
889
554
675
314
546
420
242
843
940
407
271
728
451
945
122
399
952
667
37
263
807
521
953
855
348
928
734
155
674
935
359
536
343
8
161
249
952
344
486
634
84
442
649
794
903
954
824
566
862
468
49
231
209
605
787
678
354
610
42
222
841
13
694
615
977
14
177
867
531
173
987
441
668
917
492
903
222
916
693
893
440
704
483
485
483
36
769
262
514
839
153
895
52
733
294
360
586
143
185
573
583
94
366
684
345
853
867
341
867
228
693
609
884
545
150
987
560
465
831
556
760
44
245
835
280
678
763
568
462
697
332
145
298
248
860
630
422
815
122
879
35
422
924
646
37
204
823
343
221
328
304
260
57
179
244
372
225
289
425
67
577
503
455
165
502
854
935
708
679
709
774
258
834
253
797
840
223
749
729
908
861
918
570
649
383
449
602
761
99
501
99
157
583
76
53
493
504
317
588
314
376
644
98
177
419
869
102
83
622
657
920
687
685
87
319
937
584
515
698
843
449
716
959
745
788
262
979
163
675
112
223
348
53
297
619
344
379
516
113
122
15
514
929
34
313
606
53
678
47
419
272
568
864
578
600
397
117
456
508
581
532
948
268
950
539
742
188
555
206
427
132
90
996
349
999
795
204
160
22
941
840
79
25
515
771
916
489
723
748
142
140
534
799
61
910
851
620
577
721
183
127
560
65
495
859
407
143
710
219
584
167
465
439
953
472
616
119
133
911
151
223
716
416
915
783
598
739
96
334
372
527
174
139
103
902
997
423
954
588
789
754
90
852
880
744
631
969
427
744
226
654
687
337
494
700
38
569
507
686
25
988
365
233
927
229
523
357
719
404
596
586
966
364
556
1
908
320
131
641
873
25
263
603
525
910
616
626
949
633
737
282
698
378
423
68
667
507
513
691
274
326
799
22
412
558
863
50
690
641
939
123
965
583
487
888
943
827
822
872
804
922
292
516
918
220
597
275
360
926
356
476
562
674
745
787
540
188
186
987
742
273
938
452
699
854
110
722
110
466
660
178
885
602
783
57
642
943
309
994
121
925
489
124
931
826
572
326
560
545
263
504
324
219
595
47
448
706
153
308
761
297
454
211
222
482
190
75
707
933
226
926
802
130
540
406
817
884
62
986
726
874
562
252
95
35
644
209
895
750
140
676
907
803
928
167
258
488
934
679
922
796
495
994
88
850
23
400
391
851
769
427
890
123
144
197
940
878
136
821
44
470
434
941
463
796
774
858
349
680
395
945
382
823
954
75
461
641
241
69
282
483
371
206
982
815
164
717
375
958
627
271
308
512
432
138
746
248
172
818
500
662
984
485
425
954
574
92
336
186
348
608
118
144
279
215
224
867
915
642
68
529
680
932
73
134
745
489
944
691
423
552
626
29
186
871
872
585
127
345
698
610
388
95
791
846
872
368
547
467
265
86
295
385
925
743
649
772
186
340
684
473
417
282
763
722
36
578
511
584
609
503
625
564
166
652
968
722
596
391
339
10
337
334
267
492
413
5
688
768
910
968
820
655
111
995
100
9
811
380
258
916
767
473
960
285
62
388
311
255
854
832
221
285
127
118
285
829
364
905
336
252
786
42
954
816
821
944
304
317
730
735
629
583
391
644
99
481
687
331
230
832
938
190
436
416
176
474
817
8
566
567
463
444
441
12
891
671
888
148
971
867
406
265
363
663
404
299
166
891
150
893
666
947
220
501
812
814
120
630
699
466
159
892
776
517
128
523
531
322
570
227
129
927
195
404
473
767
314
755
126
161
494
686
206
643
687
162
154
836
186
542
614
421
371
843
200
219
619
675
517
773
480
74
47
388
811
382
499
243
285
671
230
660
395
514
0
685
321
432
145
389
443
814
399
951
454
896
90
10
917
615
558
250
263
429
560
207
93
545
428
159
97
787
219
107
811
13
546
787
517
715
629
7
878
489
922
459
756
104
282
901
594
917
739
462
793
590
352
515
371
602
178
320
674
20
855
128
695
818
265
571
127
112
922
164
472
949
83
981
49
263
812
329
463
168
93
582
812
516
347
598
345
861
439
64
429
501
400
736
30
31
73
463
123
675
221
600
972
548
798
945
233
992
764
210
296
291
587
461
666
808
462
889
164
438
384
453
244
978
529
990
265
671
381
493
413
598
616
168
255
547
750
227
168
679
847
435
104
604
351
111
713
616
764
491
112
56
89
882
332
232
895
919
263
965
810
512
225
400
98
216
516
895
368
904
67
281
856
257
3
133
383
528
251
199
993
998
392
225
461
195
841
834
965
279
410
870
437
124
811
914
156
276
32
946
440
242
660
985
700
55
934
915
981
372
230
50
546
663
281
244
241
652
223
109
375
681
342
646
935
342
663
170
788
975
639
929
82
447
336
379
422
347
133
130
813
216
893
204
706
297
670
460
857
265
763
732
449
746
624
609
319
184
882
659
989
438
611
568
49
754
995
244
786
118
291
398
429
606
731
346
805
674
628
727
945
991
103
644
528
974
843
124
567
176
630
722
347
796
195
523
162
55
282
679
748
223
933
803
519
924
734
343
224
75
998
271
189
825
344
840
871
104
372
528
501
913
928
754
891
710
657
101
721
42
831
377
656
280
366
709
96
813
697
39
205
771
129
529
656
866
491
180
18
789
319
124
307
455
292
864
976
240
161
660
978
880
487
469
171
694
851
728
532
181
71
479
850
452
880
225
216
824
354
77
485
641
127
811
789
510
247
351
614
77
296
531
545
875
295
111
376
180
511
536
231
240
934
274
587
3
0
411
503
359
682
254
989
759
440
601
441
610
795
595
65
74
290
269
25
961
457
812
612
759
295
248
740
763
81
165
578
771
60
219
265
401
464
868
877
636
672
249
585
784
821
457
462
947
178
432
175
301
19
679
681
203
30
182
441
672
708
371
725
465
129
869
444
259
678
570
145
964
352
425
122
698
170
28
992
52
437
446
175
355
567
581
837
356
881
284
208
909
107
432
431
721
874
573
498
458
818
228
846
450
262
627
568
118
340
785
411
856
902
588
597
999
899
353
67
149
660
599
877
629
538
249
133
534
940
918
64
9
502
183
431
131
102
940
287
183
344
795
284
131
986
942
77
469
521
976
416
659
722
52
814
564
101
201
129
309
163
334
154
827
272
806
192
818
699
608
19
241
475
382
326
731
716
464
682
770
303
965
479
577
479
909
629
534
744
525
233
530
410
383
740
415
307
358
989
973
58
835
951
504
639
495
293
842
1
678
985
720
423
916
44
4
792
511
287
415
143
712
73
344
93
551
529
734
194
794
75
6
774
185
328
369
666
474
381
124
956
588
422
949
359
562
331
248
625
254
616
147
70
166
451
828
289
448
775
469
867
166
205
81
516
390
770
390
654
873
539
31
938
406
580
988
170
386
193
424
397
558
428
15
113
348
181
698
546
807
920
777
529
327
31
35
112
798
960
149
521
450
274
949
270
551
905
609
636
808
913
641
321
146
159
502
460
654
154
757
411
64
336
244
159
520
6
920
701
5
456
545
830
441
854
290
509
933
679
505
232
465
911
575
360
536
76
588
571
542
646
906
113
263
253
868
715
742
509
668
143
718
620
686
592
297
764
940
347
570
131
670
604
465
991
925
766
498
752
805
858
810
510
125
735
440
713
884
792
412
320
194
787
623
161
80
861
830
198
701
219
724
577
134
579
386
774
208
73
366
935
381
365
886
597
609
362
311
618
800
338
390
243
751
716
474
850
547
488
757
3
513
793
957
516
571
145
963
983
596
642
86
868
608
752
845
719
643
717
864
777
861
292
601
851
478
79
493
661
436
492
297
980
614
458
650
178
379
394
797
31
980
752
880
885
595
280
691
785
327
13
606
773
189
812
425
139
668
304
522
268
317
415
526
311
701
450
207
773
745
185
358
384
733
933
110
92
185
447
5
638
632
997
71
473
14
421
736
711
709
210
710
972
692
404
137
455
573
572
8
626
249
652
881
432
691
13
125
926
558
522
446
962
315
618
85
336
35
155
84
60
981
842
845
41
596
343
949
624
944
556
1
292
576
86
379
522
297
845
889
799
518
894
442
185
564
831
542
47
519
282
625
780
527
195
211
119
201
124
775
166
739
720
446
441
624
483
559
683
564
952
822
314
941
901
438
800
686
617
524
690
433
958
602
533
287
537
396
353
799
551
738
94
386
313
355
259
47
287
962
461
672
403
488
580
911
732
45
794
350
604
44
12
50
163
771
403
459
402
732
52
131
91
3
411
464
61
211
143
56
214
839
910
664
250
786
385
537
24
684
91
919
195
138
179
959
925
129
72
989
815
926
892
799
910
845
121
954
40
908
153
63
389
770
226
81
8
586
877
693
299
422
343
358
546
810
257
85
472
175
274
330
783
328
61
625
99
540
317
299
909
200
452
368
558
968
939
462
481
26
52
873
467
192
491
215
158
800
195
911
673
353
349
437
131
492
954
252
134
245
722
777
969
492
926
791
918
500
823
661
146
96
41
56
82
965
82
118
963
144
533
24
402
44
19
563
370
864
513
820
235
747
428
453
680
677
793
465
777
427
881
615
879
286
617
406
686
601
248
886
324
685
306
806
144
604
690
408
446
926
404
653
63
98
32
30
708
949
146
48
419
688
406
699
75
281
496
991
18
657
386
564
830
829
40
789
687
363
197
823
683
355
384
420
388
471
608
510
220
553
316
162
400
960
936
707
931
205
98
200
713
624
715
475
812
203
409
863
179
399
136
541
918
755
192
195
735
654
554
994
322
573
349
58
565
21
765
476
58
15
867
195
769
259
615
680
194
618
977
809
745
540
56
142
346
930
882
352
420
122
450
821
586
877
527
228
676
278
809
257
668
801
398
758
597
861
659
679
366
759
30
968
459
621
704
229
92
148
256
702
967
879
490
316
321
644
895
828
418
788
614
848
279
479
16
236
88
290
825
52
897
702
827
639
70
94
12
439
24
349
743
816
796
41
352
347
195
696
889
631
884
973
34
642
37
799
917
881
272
471
895
938
770
628
715
922
951
884
968
528
289
769
859
605
544
893
511
190
219
516
200
31
204
13
256
390
90
84
705
873
384
95
25
733
851
435
611
229
680
778
633
715
212
139
735
6
637
223
108
928
125
963
218
106
432
455
868
518
355
889
551
857
476
759
73
939
288
184
94
348
919
941
154
981
796
785
257
352
504
129
209
845
935
850
529
499
914
911
395
863
915
748
396
811
144
650
949
446
286
974
2
68
446
144
944
154
293
645
779
88
518
634
508
891
450
926
170
230
104
922
736
268
807
583
68
901
87
668
888
275
664
595
801
759
307
879
893
301
788
605
866
969
681
235
697
612
932
297
233
279
492
371
687
938
618
696
147
546
735
746
735
101
99
426
816
523
416
783
175
731
269
635
681
751
999
922
698
149
361
912
753
866
404
830
701
661
897
289
45
582
571
247
284
473
35
886
419
883
219
291
137
368
51
60
566
878
402
3
933
825
804
255
127
956
266
232
261
785
472
807
237
181
655
328
685
875
683
69
534
155
214
72
896
903
171
820
971
954
895
513
605
445
914
434
696
359
148
100
443
65
298
54
952
619
199
616
198
534
399
449
757
607
127
761
798
733
72
615
229
47
851
560
503
357
878
261
261
937
717
831
851
617
219
642
474
157
799
851
361
319
444
23
379
644
945
994
753
741
727
993
512
2
337
132
229
108
797
316
725
101
280
348
90
631
129
407
31
597
963
254
636
82
62
988
789
484
119
744
781
444
940
726
848
878
948
715
357
815
627
282
706
247
323
808
147
757
405
968
114
889
591
796
874
794
704
546
311
869
359
598
964
630
250
73
568
230
562
142
843
882
491
805
522
11
937
270
778
335
37
331
145
180
512
850
487
76
575
150
996
202
44
585
388
135
501
576
405
280
885
27
177
488
449
743
911
286
509
178
747
59
909
907
286
26
672
443
744
516
206
868
930
719
290
700
824
42
770
13
483
736
99
477
749
558
858
582
117
522
141
49
363
283
656
523
830
703
460
652
240
141
58
943
539
208
229
979
644
260
900
262
606
984
535
625
938
368
609
828
610
445
20
22
333
147
563
336
28
616
960
23
75
516
22
781
588
289
992
219
893
408
160
77
329
645
445
210
716
873
539
102
968
938
582
270
45
977
505
599
734
919
984
307
150
453
967
361
712
655
97
352
878
307
802
591
386
492
752
452
392
974
140
32
4
749
335
972
96
967
455
866
598
778
817
913
644
403
648
542
229
516
403
300
571
257
685
217
355
784
358
260
505
666
311
726
642
834
651
92
665
505
864
878
25
652
309
928
841
891
478
98
949
606
418
605
49
326
158
613
816
269
18
558
811
203
953
108
846
942
278
75
548
893
665
711
682
49
225
553
785
200
84
279
269
256
10
231
755
77
704
824
511
599
72
540
827
11
5
182
955
651
284
692
797
877
262
305
415
773
586
754
409
48
895
762
505
102
335
325
973
603
904
477
34
58
156
220
52
622
624
863
847
303
201
812
609
701
210
784
826
932
778
982
716
45
51
775
261
388
525
979
939
515
993
338
431
58
410
138
106
841
397
573
484
325
769
966
819
322
169
871
96
739
743
154
30
963
155
771
580
191
312
238
826
314
199
90
728
4
262
417
657
496
920
155
830
913
64
486
295
616
432
212
525
773
91
417
947
383
299
56
651
777
340
697
349
124
328
416
665
459
468
229
798
559
543
20
339
239
930
145
290
979
315
602
829
333
948
352
648
901
408
378
830
816
118
56
728
676
62
610
128
147
136
11
507
609
524
453
21
235
555
714
743
454
237
548
827
721
316
722
24
905
542
583
569
791
728
672
975
735
573
474
951
496
670
790
735
427
603
491
337
442
295
622
138
606
906
207
460
380
929
659
759
614
296
106
663
730
351
709
591
529
258
814
787
366
442
507
803
408
969
312
19
670
235
584
959
679
303
0
844
139
917
808
170
561
754
134
110
493
303
769
123
973
848
920
216
785
160
445
29
517
297
969
7
365
105
36
811
684
360
545
543
312
614
28
516
997
58
833
280
908
12
354
712
256
932
829
338
294
316
712
776
414
896
458
968
202
238
431
25
538
736
279
289
793
471
875
201
319
169
765
946
636
571
444
568
862
737
929
724
519
386
889
72
175
498
999
692
681
119
684
693
420
756
742
917
408
275
50
502
67
741
216
87
472
38
442
553
194
972
264
443
546
998
259
906
75
874
731
5
478
190
712
372
591
271
250
752
971
264
749
941
68
402
452
141
27
802
360
38
809
929
854
555
570
725
915
377
23
972
844
568
382
336
430
81
319
446
534
854
541
993
447
492
848
676
494
974
443
804
603
516
783
51
822
32
403
617
148
401
54
709
61
840
635
434
362
160
968
876
360
67
971
162
532
15
136
29
346
175
699
54
46
845
743
359
710
222
802
831
66
750
477
393
801
627
163
630
177
421
957
870
571
874
183
678
480
168
227
556
84
492
440
486
478
783
38
280
312
424
161
292
794
997
376
859
165
499
553
826
551
325
418
304
410
168
974
843
120
437
723
779
888
696
748
982
814
782
216
210
930
731
462
794
135
257
466
311
478
629
385
48
422
171
429
805
866
713
733
660
328
401
669
446
266
656
197
388
786
28
640
315
678
147
99
446
694
262
16
859
118
372
503
678
340
891
696
161
400
225
663
85
387
881
244
42
829
17
30
218
703
687
419
996
265
268
966
957
642
569
710
584
690
798
927
862
141
802
8
297
286
204
0
882
669
679
781
42
247
253
194
126
384
26
173
835
536
129
602
793
647
165
631
965
462
725
526
134
492
786
192
176
641
973
84
823
219
441
644
483
226
928
176
826
522
874
409
380
13
840
764
952
802
158
432
227
862
950
974
808
813
777
653
331
173
825
295
960
120
627
20
89
732
920
305
780
752
890
388
643
381
747
598
708
950
552
733
353
6
333
13
346
189
627
139
262
614
724
270
665
120
79
154
431
287
895
410
743
966
54
649
378
444
374
646
995
888
416
705
721
393
126
46
199
599
850
253
756
360
466
148
614
520
11
322
226
400
522
240
606
633
210
974
144
597
727
854
95
739
601
129
287
765
108
149
858
311
764
312
842
663
582
636
427
483
858
191
957
187
525
389
111
244
994
412
7
206
952
140
94
667
615
985
576
941
76
310
689
426
564
312
307
270
334
572
252
670
976
686
228
356
707
79
13
940
411
994
923
546
542
947
995
61
823
628
439
820
562
374
719
748
543
816
444
675
516
887
765
364
914
587
797
151
642
305
252
852
384
498
65
876
429
943
113
996
19
39
929
607
834
31
272
991
560
901
768
400
4
962
59
849
579
633
329
488
268
487
744
920
70
73
573
746
729
789
862
341
578
358
642
251
312
351
40
82
819
963
908
251
748
719
240
522
223
253
255
331
46
438
60
133
791
402
258
942
326
783
269
323
261
196
229
754
671
169
458
78
252
637
523
302
806
123
921
139
547
907
280
331
651
416
86
943
89
67
324
381
47
955
2
683
666
590
326
761
308
553
876
489
448
528
394
558
416
67
826
374
986
350
595
118
889
731
265
992
520
917
392
827
441
435
960
808
276
912
298
308
139
891
561
31
834
456
132
887
340
994
288
649
936
219
850
606
610
905
825
134
550
831
298
364
440
741
725
102
959
237
101
735
575
52
669
546
926
456
470
677
134
580
101
968
273
421
825
848
19
688
890
757
41
179
85
292
919
61
388
762
503
730
258
694
614
54
588
544
312
357
115
236
684
613
270
430
530
961
117
313
648
852
272
936
412
846
126
719
556
77
17
7
817
554
366
740
914
983
298
597
53
643
944
688
368
282
928
999
294
979
209
587
293
607
447
123
915
683
784
41
577
338
320
777
704
731
652
431
696
890
755
76
280
61
649
725
799
605
325
112
801
591
682
35
269
982
507
27
131
975
616
413
643
401
997
661
656
407
713
57
812
811
995
89
397
112
129
318
173
684
115
964
455
576
636
61
925
350
816
955
215
158
297
649
198
333
124
751
630
370
656
832
690
606
207
993
241
928
932
361
910
978
180
399
541
755
250
269
65
561
67
943
187
619
848
568
189
641
929
81
725
793
774
414
565
615
873
176
783
328
199
728
557
219
982
350
158
211
488
511
389
461
262
940
156
867
288
885
94
155
64
241
313
48
622
128
826
603
646
512
851
733
302
32
615
835
747
245
758
854
604
846
492
781
822
534
932
834
774
221
939
327
509
379
255
403
333
283
181
940
418
111
985
842
876
630
288
174
545
671
442
173
951
208
588
766
247
623
697
547
685
924
465
951
212
506
321
717
814
585
218
952
641
137
70
116
70
76
620
536
59
640
21
695
959
735
23
586
789
805
943
771
26
958
523
144
881
778
61
147
758
791
268
442
792
32
989
431
15
135
671
950
148
124
787
974
56
833
874
246
869
884
112
182
297
495
839
791
456
496
815
736
481
208
960
678
377
307
522
535
924
291
556
403
874
544
233
879
285
992
800
351
777
447
634
567
101
91
839
359
270
191
169
593
994
546
298
616
497
587
858
327
112
460
640
875
824
400
697
69
755
705
159
528
198
34
297
931
98
454
904
724
349
956
273
602
653
744
854
821
781
718
231
884
888
741
239
290
33
38
505
277
365
792
25
125
833
554
847
606
989
332
446
714
114
762
938
494
703
317
544
735
503
536
816
417
423
244
69
284
915
921
29
915
552
393
643
338
836
642
866
211
26
921
180
957
993
357
489
626
508
687
683
892
805
92
102
571
490
892
21
117
185
370
999
243
240
152
377
483
957
679
637
695
780
336
344
618
119
802
160
466
791
792
756
231
793
150
999
358
532
136
220
458
95
119
637
160
287
825
214
941
486
44
404
206
327
679
268
971
254
764
6
138
989
326
519
652
672
723
126
669
898
526
814
381
17
100
434
966
204
728
816
946
21
29
628
987
929
496
29
518
971
568
420
157
833
379
872
567
663
694
359
598
56
176
639
876
571
563
995
987
353
313
537
648
628
287
567
883
291
24
750
582
523
241
47
687
584
820
66
852
689
75
742
162
377
875
675
338
161
859
698
161
74
527
350
714
769
341
980
738
276
123
445
967
920
779
604
102
605
733
627
800
985
351
536
312
441
963
781
387
575
589
901
965
356
600
738
316
326
228
268
811
421
749
916
581
808
651
726
836
125
770
845
893
69
102
576
570
781
196
354
860
601
671
776
186
659
774
251
850
153
903
973
811
437
658
624
469
557
812
442
13
747
143
325
865
791
122
938
309
681
218
726
231
43
421
925
29
698
950
971
33
317
538
602
813
637
518
133
217
325
779
498
15
148
415
710
871
405
417
211
428
600
481
245
330
993
594
994
18
789
740
943
195
805
658
447
799
108
29
406
71
627
395
244
812
171
528
38
723
658
335
846
788
342
717
930
88
391
570
754
452
874
21
867
142
343
738
801
610
924
619
153
770
762
713
548
600
813
733
159
169
138
391
103
977
920
913
866
28
657
210
777
144
82
899
98
373
958
647
506
701
873
683
256
334
632
271
564
441
846
353
550
118
816
365
259
310
514
83
521
573
555
77
348
650
819
586
330
700
126
676
449
538
408
867
552
95
935
788
658
953
89
513
431
500
490
198
644
520
239
293
395
964
73
335
902
653
89
224
53
935
738
638
191
686
37
829
157
801
117
833
113
724
322
42
973
545
11
213
473
491
604
493
820
702
648
197
763
678
335
776
168
82
464
383
146
476
539
887
970
785
989
92
293
608
142
230
877
40
359
383
83
50
420
781
455
264
642
802
240
64
826
414
375
842
803
150
949
834
550
531
604
793
859
497
947
599
105
826
924
837
730
863
567
146
460
994
105
84
876
3
592
161
14
325
357
913
791
28
604
337
579
134
615
535
578
939
70
789
110
642
651
108
592
89
522
615
864
736
934
592
58
579
839
539
565
771
47
21
920
799
539
312
726
588
623
998
208
566
802
607
297
634
609
306
53
978
991
460
994
443
130
743
969
303
201
18
486
746
441
793
282
947
839
873
18
649
384
722
136
599
124
185
607
486
841
593
829
93
963
118
345
287
601
13
899
786
731
827
19
303
679
489
833
499
979
817
748
49
693
496
166
137
159
255
500
649
830
207
892
327
577
600
831
240
190
783
974
472
704
162
472
942
789
105
753
827
740
579
535
15
595
706
582
137
463
580
267
609
389
583
774
619
477
328
656
162
38
287
764
934
244
67
122
27
398
622
94
32
564
812
688
913
830
822
252
673
512
565
281
248
298
653
15
821
115
360
401
736
869
203
154
87
19
401
205
906
351
922
540
453
377
88
234
586
826
526
820
80
695
101
889
76
352
373
155
138
424
740
678
856
199
558
853
767
338
849
636
887
940
507
327
134
102
738
602
877
339
816
994
256
742
74
192
271
52
251
574
5
326
57
770
908
695
220
616
987
316
366
355
918
801
932
516
880
512
895
787
504
876
679
570
77
668
733
338
294
995
980
468
955
804
763
841
106
50
65
118
87
389
134
103
939
74
41
181
727
946
835
186
101
826
215
736
163
26
509
825
77
311
250
842
215
371
302
961
884
948
17
77
733
306
186
580
713
818
222
199
541
376
170
546
865
777
45
984
687
966
388
628
777
220
971
818
645
649
757
267
935
657
769
719
299
998
257
981
150
102
103
654
633
510
231
528
536
77
619
894
357
379
551
245
51
112
890
969
706
993
957
141
791
548
187
618
493
453
589
623
100
994
329
895
300
241
414
160
566
585
839
767
975
781
945
648
850
493
395
427
409
87
41
163
80
411
181
761
478
300
963
69
648
225
831
692
988
780
125
237
519
834
612
941
940
577
96
274
833
232
130
549
823
855
486
536
406
336
362
335
82
149
454
684
359
353
604
330
84
139
102
99
231
212
902
853
957
826
389
607
300
797
844
65
335
78
760
137
141
880
166
106
790
950
587
815
347
108
262
574
673
946
813
239
274
259
257
835
352
396
839
402
350
359
587
141
765
511
155
490
176
726
477
853
157
99
982
403
385
79
328
618
414
606
399
213
995
43
289
4
185
731
784
799
845
324
261
971
222
247
122
13
365
808
947
700
972
262
154
571
181
526
847
332
656
498
696
568
920
535
339
834
122
948
661
891
763
886
565
768
174
152
434
793
158
280
173
859
950
261
533
700
211
804
605
718
562
170
388
77
203
588
385
122
18
194
529
770
254
666
719
513
727
384
382
24
865
955
678
557
935
659
552
778
446
999
504
78
952
923
126
335
562
742
385
449
178
393
737
567
432
908
223
920
71
627
27
630
344
181
641
792
228
413
914
880
620
921
354
278
495
624
371
666
663
337
262
913
568
142
513
551
406
975
161
587
418
867
205
504
152
457
732
559
120
989
101
282
808
615
9
188
34
381
535
452
471
104
84
376
424
452
748
45
332
488
602
461
331
846
511
26
589
517
795
854
152
25
637
349
901
988
328
866
974
390
749
942
870
528
23
672
964
999
247
406
526
979
300
801
278
631
230
799
307
195
344
913
927
565
88
165
272
246
236
454
614
232
458
319
592
573
371
335
227
347
870
285
200
132
741
213
680
626
534
667
710
992
696
868
466
891
496
957
342
575
687
635
318
510
857
585
849
475
229
583
766
141
436
839
717
375
536
996
292
708
851
243
98
792
72
531
891
537
977
417
321
732
7
444
395
124
656
832
957
958
840
822
115
736
398
520
771
927
993
753
510
384
224
531
531
790
443
763
121
178
993
422
990
489
22
191
272
943
481
513
87
217
176
166
590
928
992
218
780
554
676
898
883
434
361
894
677
231
725
558
885
762
122
704
353
738
514
183
514
458
736
783
717
681
945
717
850
178
269
108
102
546
262
650
191
38
268
825
619
647
882
665
53
934
280
850
734
34
222
920
596
433
754
743
905
666
847
510
515
632
74
256
515
931
385
581
917
161
211
871
115
554
134
328
933
465
681
865
993
406
54
629
819
944
859
749
625
384
478
972
942
297
971
50
281
507
843
950
809
590
442
141
47
652
261
855
224
911
879
744
941
882
671
732
217
820
855
380
919
438
259
597
886
702
987
807
362
500
79
939
663
234
623
430
36
592
364
371
770
461
270
92
64
930
507
240
541
896
649
424
648
266
360
988
143
965
15
75
571
651
489
487
660
551
572
223
950
787
774
982
976
302
731
344
309
801
176
677
888
192
430
758
585
766
883
901
726
105
394
529
232
572
789
862
924
523
373
723
865
137
15
837
245
702
2
313
367
196
304
215
344
257
201
818
628
343
991
124
550
46
490
806
61
283
16
836
113
937
935
295
521
502
731
892
141
737
751
763
379
591
457
50
513
317
351
447
486
912
984
644
180
880
633
445
677
619
292
293
522
46
534
342
394
502
142
680
405
788
957
953
830
774
790
994
582
715
284
578
658
783
458
307
563
108
355
842
870
169
711
557
976
228
590
301
448
540
580
323
985
442
457
439
514
45
492
531
627
972
491
270
646
206
106
220
696
197
453
539
491
81
852
632
9
505
482
664
855
565
202
611
555
463
511
26
404
31
253
921
757
22
225
304
573
338
714
19
462
879
467
401
271
103
599
570
833
945
359
466
914
573
18
962
130
759
586
566
232
762
527
824
311
251
482
891
106
982
232
924
345
135
569
147
104
439
60
807
874
790
465
807
959
511
682
158
95
767
111
78
506
407
868
212
957
466
417
996
259
392
15
19
894
544
402
163
536
484
23
924
883
22
683
948
328
561
13
257
272
890
553
310
765
229
954
970
84
964
76
958
298
442
507
196
832
566
219
261
956
491
165
963
773
748
730
213
739
293
631
985
232
708
893
915
975
247
148
964
496
423
252
598
613
273
920
859
980
78
895
438
120
0
200
641
158
213
729
637
146
616
500
600
340
482
999
417
523
760
391
807
643
526
728
455
150
713
106
236
229
58
427
505
776
255
438
706
266
395
974
73
522
950
113
884
351
479
987
851
988
597
821
15
572
357
986
918
218
886
206
788
919
960
603
899
632
683
570
427
188
988
418
628
71
426
936
368
734
895
372
198
408
506
835
113
44
473
430
431
341
587
599
421
271
692
859
376
420
418
568
510
872
684
236
27
301
490
151
567
308
711
135
725
657
275
694
359
33
733
258
997
643
86
688
436
272
336
14
867
656
174
820
872
738
469
62
785
352
648
409
575
901
673
943
773
220
811
929
182
94
237
176
116
176
817
935
629
214
378
249
168
384
763
963
246
688
69
933
827
68
145
474
835
510
515
401
969
949
79
416
419
752
5
76
201
535
136
664
900
742
957
383
212
783
191
415
42
547
447
508
156
212
264
126
447
50
225
569
126
448
403
119
552
122
834
500
536
366
209
229
950
252
502
973
155
707
452
206
57
153
807
928
561
414
723
522
894
150
917
98
751
929
35
514
227
785
359
458
124
95
726
555
901
987
168
63
528
318
32
147
616
349
842
957
597
973
340
944
246
421
229
529
817
84
979
206
54
304
353
642
858
728
804
383
182
599
119
472
151
717
861
298
665
252
403
575
381
100
280
422
946
699
308
370
623
741
838
573
991
107
410
401
445
699
431
884
334
812
615
21
390
429
511
839
130
377
550
985
773
896
203
31
262
949
383
873
326
703
513
741
8
791
280
451
305
845
203
934
607
383
124
178
590
112
500
230
525
512
80
128
312
773
408
823
382
78
816
705
26
24
920
857
687
543
878
540
60
491
963
977
959
220
819
346
518
731
286
372
760
214
724
127
602
248
245
978
518
123
389
318
182
402
319
877
158
160
113
719
855
887
565
561
72
558
223
170
431
466
274
51
846
863
998
259
96
659
676
340
602
863
234
286
574
131
961
957
507
197
763
345
769
182
163
578
184
833
5
534
160
264
268
857
34
525
146
432
678
259
706
178
342
878
825
779
480
701
883
