543
883
156
484
614
924
830
801
297
115
538
987
633
313
847
92
839
796
288
622
836
643
57
683
657
605
188
191
395
87
88
531
390
137
843
358
826
43
382
353
19
33
127
64
154
816
684
576
977
876
675
2
740
264
926
826
355
240
700
660
796
670
907
460
909
488
937
368
7
458
363
532
558
22
684
25
444
60
454
196
830
927
135
127
847
894
51
846
912
116
903
456
897
605
774
71
576
621
52
406
336
550
575
686
150
869
454
564
29
354
434
779
345
163
265
314
792
156
473
810
813
636
577
447
118
735
611
40
13
500
214
164
91
26
841
298
616
220
369
637
440
342
267
586
695
986
429
784
453
60
342
11
333
198
158
429
487
288
544
730
861
384
349
846
203
803
242
21
511
589
913
110
584
930
749
853
148
497
814
420
545
962
213
5
605
796
962
582
712
517
945
210
407
975
306
16
468
475
424
370
432
253
289
716
443
684
300
39
347
740
602
817
824
722
258
3
304
603
512
959
142
122
712
659
324
932
628
590
674
209
574
614
79
553
311
596
100
912
453
845
416
408
659
501
374
897
314
778
27
448
853
843
307
929
739
923
411
986
38
389
785
990
48
917
343
195
165
569
735
217
267
763
584
63
814
964
199
859
0
30
657
573
597
789
724
952
309
44
334
783
539
352
469
472
386
379
989
440
736
703
728
283
298
804
871
637
654
112
959
58
328
322
351
119
364
539
798
995
90
818
825
493
728
611
610
771
969
867
116
932
155
482
370
995
830
821
832
504
793
711
138
629
678
19
752
698
678
721
275
45
543
106
489
625
521
410
404
850
416
266
105
467
76
398
211
84
620
833
352
3
177
819
284
901
559
141
417
465
366
313
696
922
31
624
865
311
393
865
271
921
276
811
567
536
893
88
542
298
775
766
562
250
643
578
273
488
142
331
934
402
233
200
210
543
406
792
886
268
222
589
631
965
47
619
146
385
915
818
463
210
852
597
163
512
387
935
69
818
527
930
138
736
715
651
675
903
537
709
348
106
266
912
736
137
663
990
200
729
73
650
962
192
621
941
742
106
916
774
492
989
191
269
785
926
863
717
81
383
10
948
238
205
66
496
142
185
135
975
323
931
229
3
51
734
112
664
216
157
812
691
426
384
105
74
912
90
315
322
894
10
727
952
208
291
170
904
277
586
772
779
295
365
17
897
566
235
968
235
844
635
541
59
867
772
633
322
3
278
641
214
896
44
428
831
16
215
493
788
425
24
153
886
985
297
994
896
599
416
194
241
551
209
268
793
524
815
563
220
253
719
926
309
425
170
403
178
103
796
568
928
695
717
82
147
316
484
28
892
963
571
345
560
172
371
68
816
903
541
916
794
531
41
782
604
815
175
90
168
99
632
0
880
89
688
891
711
141
994
467
314
156
255
625
177
64
77
83
470
65
97
127
137
784
456
292
717
997
479
956
851
160
789
766
945
284
498
777
262
584
567
482
692
607
873
670
131
287
667
835
206
990
823
8
869
257
152
934
62
886
927
806
136
281
529
313
925
508
601
783
451
232
263
671
8
416
532
237
632
444
537
193
101
75
907
548
113
689
69
590
290
296
763
195
330
995
318
76
562
942
624
169
179
153
758
476
337
131
845
632
421
803
850
977
597
538
235
318
826
29
643
25
69
918
110
447
246
497
521
498
811
164
76
131
770
464
112
389
867
565
831
646
605
425
708
726
547
17
520
538
99
832
638
618
435
540
116
782
40
48
862
840
148
716
120
386
219
961
944
864
683
48
990
624
669
458
242
62
948
602
8
284
169
823
185
911
121
390
529
972
795
564
249
657
314
464
769
145
355
119
436
239
859
25
903
996
729
257
815
795
843
234
254
465
528
733
26
778
865
599
122
126
605
423
742
539
727
678
18
916
534
934
566
847
625
845
405
293
548
915
24
690
180
430
727
532
723
823
899
160
649
501
843
55
631
472
585
568
809
664
175
456
7
708
51
484
592
126
165
615
916
371
633
383
411
8
310
961
631
513
434
789
556
99
983
292
488
993
901
581
914
4
893
768
659
906
112
594
291
569
258
655
258
766
254
541
805
974
31
228
936
285
889
580
910
965
610
224
778
6
880
150
712
756
799
328
582
159
527
228
192
971
792
991
85
487
428
777
276
171
935
90
730
338
749
83
803
15
312
527
657
764
492
175
694
614
666
356
851
900
341
480
259
398
756
470
367
515
444
560
46
314
234
118
504
626
170
68
727
765
22
661
675
511
239
35
369
916
289
537
607
40
390
168
750
336
394
493
636
349
869
931
405
281
138
837
134
954
868
756
710
947
336
590
402
570
779
112
883
132
608
674
925
924
182
56
863
43
212
234
378
642
746
121
183
587
494
761
442
517
975
14
205
181
81
583
274
681
349
456
145
625
724
923
994
975
249
494
256
421
816
224
539
301
559
308
96
67
327
96
502
247
574
840
127
543
861
107
57
498
249
648
264
759
320
297
250
379
610
356
831
553
426
267
43
467
175
690
498
639
555
333
182
149
263
628
648
133
553
399
513
918
579
339
371
881
225
279
833
396
655
528
223
754
813
567
496
256
360
237
138
482
549
341
320
195
685
671
196
300
0
773
758
403
343
222
694
293
322
249
578
23
722
332
476
486
277
289
460
151
748
217
197
784
562
987
582
452
795
925
447
566
974
371
878
125
41
318
197
446
416
835
626
376
513
500
507
232
855
924
43
444
96
60
734
964
365
27
380
773
102
338
230
104
616
829
699
279
93
109
60
832
389
370
156
914
550
446
206
243
638
445
962
268
696
568
72
868
451
585
192
233
875
465
475
318
673
901
353
998
398
407
248
695
560
977
501
961
118
308
395
845
438
374
949
563
120
482
481
323
743
546
796
909
492
575
28
917
926
793
941
182
970
10
452
431
730
4
977
842
198
827
893
361
732
829
880
988
372
502
365
21
701
889
628
517
894
168
148
799
762
12
867
705
459
840
475
924
497
496
444
777
280
119
312
491
371
533
190
883
72
192
822
822
570
402
942
627
749
40
927
137
122
762
855
774
351
886
699
162
849
303
233
745
184
740
800
423
632
803
716
173
992
811
890
82
905
57
428
918
845
578
345
216
873
512
708
535
864
512
927
381
309
591
565
591
996
653
673
985
142
506
118
94
384
269
443
885
727
635
650
176
906
732
646
758
683
617
863
784
947
970
372
305
137
980
571
374
759
967
479
828
386
46
431
737
363
592
727
523
583
11
645
397
447
912
947
776
677
601
444
806
500
343
20
450
74
784
456
387
645
910
767
526
791
155
260
123
159
744
953
712
365
933
681
642
834
35
810
259
290
549
294
725
39
876
789
932
323
785
376
177
769
998
876
474
689
934
984
271
750
147
821
168
94
166
426
571
837
88
577
857
206
855
218
752
368
549
945
99
952
203
694
349
889
386
489
708
157
882
664
154
502
835
463
512
157
121
331
611
454
725
27
584
958
741
307
115
379
334
894
979
126
200
663
794
95
288
100
401
542
531
608
464
537
437
548
178
111
562
833
878
463
548
668
859
86
419
902
547
467
882
711
648
289
78
71
573
688
866
345
99
464
773
636
35
868
677
31
179
399
797
896
898
781
74
768
861
368
371
919
84
6
527
392
895
995
624
129
465
49
29
306
351
392
85
415
314
155
159
139
591
465
127
243
720
597
923
732
364
379
699
50
961
782
727
614
690
403
986
866
819
684
812
413
369
154
558
734
7
978
270
822
763
842
3
935
790
961
90
738
202
936
814
458
471
273
351
443
534
882
297
814
591
278
773
636
189
672
196
196
726
981
312
75
193
93
981
703
560
518
564
136
765
701
497
980
969
753
106
973
31
462
280
200
48
675
98
765
111
641
468
150
340
288
207
31
78
215
386
968
201
319
502
577
656
910
767
707
492
835
582
383
154
690
963
733
482
694
784
979
283
358
785
208
493
734
920
980
231
3
820
446
774
738
153
17
895
245
468
964
875
139
661
613
89
267
262
593
346
941
699
258
382
565
887
830
892
725
382
807
774
526
338
677
83
394
60
700
125
969
388
835
75
797
844
835
314
100
318
663
636
555
838
334
858
738
435
795
61
199
254
245
48
154
453
720
986
714
994
823
232
11
427
27
751
797
831
533
655
242
926
28
291
491
823
884
804
135
279
963
269
986
197
761
290
518
283
603
810
160
406
124
795
793
486
177
996
935
417
255
990
432
499
596
955
155
48
854
737
147
593
52
160
504
141
399
686
195
303
588
149
246
93
49
602
303
48
9
734
535
7
158
169
282
471
450
402
149
966
386
827
847
549
48
561
502
498
11
746
95
45
589
719
418
899
889
873
543
190
175
96
17
382
277
822
829
0
459
313
142
780
275
576
857
981
812
165
608
2
498
40
518
121
475
829
366
43
312
964
896
931
894
990
416
487
184
959
388
753
947
975
795
160
973
762
653
663
443
215
154
551
566
318
251
16
353
963
959
251
706
599
547
363
386
237
738
785
427
642
468
343
637
133
742
420
780
895
638
22
298
